Processing vid 0 : ./tchakamau\Washed15vglass\45660_15Vpp_0.avi
T threshold: 30.0
C threshold: 20
[[2. 1.]
 [1. 4.]]
[[[list([91, 619]) list([9041])]
  [list([586]) list([1388, 494, 297, 558])]]

 [[list([0, 43]) list([8509])]
  [list([451]) list([461, 147, 0, 183])]]

 [[list([91, 576]) list([532])]
  [list([135]) list([927, 347, 297, 375])]]]
[7434. 1665. 1382.]
Processing vid 1 : ./tchakamau\Washed15vglass\45660_15Vpp_1.avi
T threshold: 30.0
C threshold: 20
[[ 8.  1.]
 [ 0. 22.]]
[[[list([481, 462, 137, 643, 202, 207, 189, 430]) list([773])]
  [list([])
   list([395, 863, 223, 726, 1796, 1581, 288, 1580, 803, 651, 934, 285, 704, 145, 719, 1161, 1054, 461, 529, 477, 244, 1165])]]

 [[list([34, 0, 8, 549, 14, 127, 95, 276]) list([303])]
  [list([])
   list([7, 547, 89, 531, 180, 1, 109, 1116, 537, 159, 844, 146, 161, 0, 623, 761, 830, 391, 439, 274, 98, 868])]]

 [[list([447, 462, 129, 94, 188, 80, 94, 154]) list([470])]
  [list([])
   list([388, 316, 134, 195, 1616, 1580, 179, 464, 266, 492, 90, 139, 543, 145, 96, 400, 224, 70, 90, 203, 146, 297])]]]
[ 1873. 10026.  3723.]
Processing vid 2 : ./tchakamau\Washed15vglass\45660_15Vpp_10.avi
T threshold: 30.0
C threshold: 20
[[2. 2.]
 [1. 3.]]
[[[list([2702, 160]) list([1193, 4232])]
  [list([3097]) list([1046, 6191, 1250])]]

 [[list([0, 76]) list([843, 2531])]
  [list([2194]) list([379, 6072, 0])]]

 [[list([2702, 84]) list([350, 1701])]
  [list([903]) list([667, 119, 1250])]]]
[ 2156. 15136.  6402.]
Processing vid 3 : ./tchakamau\Washed15vglass\45660_15Vpp_11.avi
T threshold: 30.0
C threshold: 20
[[0. 1.]
 [1. 1.]]
[[[list([]) list([8032])]
  [list([2853]) list([1582])]]

 [[list([]) list([7319])]
  [list([2358]) list([310])]]

 [[list([]) list([713])]
  [list([495]) list([1272])]]]
[4655. 2319. 3720.]
Processing vid 4 : ./tchakamau\Washed15vglass\45660_15Vpp_2.avi
T threshold: 30.0
C threshold: 20
[[1. 2.]
 [2. 3.]]
[[[list([517]) list([76, 2078])]
  [list([1140, 535]) list([330, 939, 4377])]]

 [[list([5]) list([0, 1563])]
  [list([887, 4]) list([0, 115, 2486])]]

 [[list([512]) list([76, 515])]
  [list([253, 531]) list([330, 824, 1891])]]]
[1414. 4238.  767.]
Processing vid 5 : ./tchakamau\Washed15vglass\45660_15Vpp_3.avi
T threshold: 30.0
C threshold: 20
[[  1.   4.]
 [  4. 136.]]
[[[list([322]) list([734, 1693, 1147, 1529])]
  [list([653, 176, 532, 178])
   list([10373, 167, 165, 364, 179, 144, 147, 509, 294, 453, 499, 220, 183, 237, 595, 107, 584, 118, 102, 107, 551, 212, 271, 260, 1195, 596, 523, 531, 90, 297, 110, 131, 88, 755, 226, 159, 139, 477, 554, 61, 671, 570, 766, 98, 271, 402, 98, 102, 113, 1044, 935, 154, 86, 186, 465, 1197, 428, 98, 108, 198, 81, 232, 258, 140, 320, 97, 380, 192, 216, 449, 244, 211, 696, 417, 3506, 668, 517, 643, 98, 183, 899, 492, 232, 514, 93, 793, 206, 357, 943, 598, 283, 196, 669, 216, 125, 142, 316, 338, 547, 114, 248, 283, 236, 411, 125, 411, 382, 332, 427, 161, 223, 728, 468, 436, 112, 167, 136, 204, 272, 225, 451, 451, 360, 818, 145, 488, 318, 229, 322, 104, 213, 288, 279, 283, 421, 1107])]]

 [[list([178]) list([10, 230, 810, 889])]
  [list([105, 57, 222, 3])
   list([0, 109, 47, 258, 66, 42, 15, 360, 91, 309, 269, 0, 1, 107, 536, 13, 386, 33, 10, 28, 420, 86, 3, 151, 946, 442, 364, 445, 2, 220, 45, 51, 14, 666, 97, 30, 34, 293, 451, 3, 524, 406, 442, 0, 3, 83, 8, 18, 19, 200, 782, 46, 8, 37, 0, 132, 0, 4, 8, 6, 3, 12, 100, 8, 0, 4, 51, 60, 86, 270, 81, 55, 592, 60, 1, 280, 98, 377, 3, 111, 736, 265, 42, 416, 3, 716, 100, 66, 728, 522, 198, 59, 190, 0, 14, 50, 238, 247, 350, 15, 64, 137, 91, 87, 45, 3, 61, 82, 76, 17, 102, 383, 321, 343, 34, 54, 34, 17, 201, 105, 97, 188, 264, 648, 27, 15, 157, 144, 218, 32, 59, 199, 172, 187, 302, 1029])]]

 [[list([144]) list([724, 1463, 337, 640])]
  [list([548, 119, 310, 175])
   list([10373, 58, 118, 106, 113, 102, 132, 149, 203, 144, 230, 220, 182, 130, 59, 94, 198, 85, 92, 79, 131, 126, 268, 109, 249, 154, 159, 86, 88, 77, 65, 80, 74, 89, 129, 129, 105, 184, 103, 58, 147, 164, 324, 98, 268, 319, 90, 84, 94, 844, 153, 108, 78, 149, 465, 1065, 428, 94, 100, 192, 78, 220, 158, 132, 320, 93, 329, 132, 130, 179, 163, 156, 104, 357, 3505, 388, 419, 266, 95, 72, 163, 227, 190, 98, 90, 77, 106, 291, 215, 76, 85, 137, 479, 216, 111, 92, 78, 91, 197, 99, 184, 146, 145, 324, 80, 408, 321, 250, 351, 144, 121, 345, 147, 93, 78, 113, 102, 187, 71, 120, 354, 263, 96, 170, 118, 473, 161, 85, 104, 72, 154, 89, 107, 96, 119, 78])]]]
[ 2575. 34246.  3772.]
Processing vid 6 : ./tchakamau\Washed15vglass\45660_15Vpp_4.avi
T threshold: 30.0
C threshold: 20
[[ 2.  2.]
 [ 3. 29.]]
[[[list([102, 523]) list([1127, 418])]
  [list([838, 480, 1010])
   list([1556, 208, 922, 1658, 223, 2186, 331, 328, 507, 283, 282, 134, 220, 186, 162, 456, 633, 177, 304, 362, 361, 298, 400, 701, 1480, 1720, 620, 331, 483])]]

 [[list([25, 224]) list([17, 13])]
  [list([343, 282, 209])
   list([1455, 34, 383, 125, 2, 9, 198, 267, 207, 2, 64, 0, 1, 31, 63, 47, 9, 20, 10, 127, 30, 148, 103, 171, 1322, 1578, 10, 197, 50])]]

 [[list([77, 299]) list([1110, 405])]
  [list([495, 198, 801])
   list([101, 174, 539, 1533, 221, 2177, 133, 61, 300, 281, 218, 134, 219, 155, 99, 409, 624, 157, 294, 235, 331, 150, 297, 530, 158, 142, 610, 134, 433])]]]
[2059. 9751. 2248.]
Processing vid 7 : ./tchakamau\Washed15vglass\45660_15Vpp_5.avi
T threshold: 30.0
C threshold: 20
[[ 0.  0.]
 [ 0. 14.]]
[[[list([]) list([])]
  [list([])
   list([6696, 1618, 1140, 1063, 4599, 1286, 1022, 1925, 424, 524, 1259, 1786, 3098, 2246])]]

 [[list([]) list([])]
  [list([])
   list([5493, 1535, 1045, 918, 4126, 229, 839, 1658, 61, 31, 12, 445, 2370, 387])]]

 [[list([]) list([])]
  [list([])
   list([1203, 83, 95, 145, 473, 1057, 183, 267, 363, 493, 1247, 1341, 728, 1859])]]]
[  137. 13072.  9566.]
Processing vid 8 : ./tchakamau\Washed15vglass\45660_15Vpp_6.avi
T threshold: 30.0
C threshold: 20
[[0. 0.]
 [0. 8.]]
[[[list([]) list([])]
  [list([]) list([4643, 102, 311, 722, 5225, 1083, 495, 2961])]]

 [[list([]) list([])]
  [list([]) list([4566, 38, 193, 608, 4694, 62, 3, 342])]]

 [[list([]) list([])]
  [list([]) list([77, 64, 118, 114, 531, 1021, 492, 2619])]]]
[  88. 9325. 2546.]
Processing vid 9 : ./tchakamau\Washed15vglass\45660_15Vpp_7.avi
T threshold: 30.0
C threshold: 20
[[0. 0.]
 [0. 4.]]
[[[list([]) list([])]
  [list([]) list([715, 13882, 739, 1245])]]

 [[list([]) list([])]
  [list([]) list([264, 13784, 37, 508])]]

 [[list([]) list([])]
  [list([]) list([451, 98, 702, 737])]]]
[   13. 10334.  5020.]
Processing vid 10 : ./tchakamau\Washed15vglass\45660_15Vpp_8.avi
T threshold: 30.0
C threshold: 20
[[ 0.  0.]
 [ 0. 14.]]
[[[list([]) list([])]
  [list([])
   list([7189, 1027, 797, 858, 2510, 634, 1922, 1941, 7388, 1282, 319, 151, 217, 1360])]]

 [[list([]) list([])]
  [list([])
   list([6120, 311, 63, 43, 82, 516, 1847, 1043, 7174, 1167, 122, 43, 87, 53])]]

 [[list([]) list([])]
  [list([])
   list([1069, 716, 734, 815, 2428, 118, 75, 898, 214, 115, 197, 108, 130, 1307])]]]
[   72. 13877.  6040.]
Processing vid 11 : ./tchakamau\Washed15vglass\45660_15Vpp_9.avi
T threshold: 30.0
C threshold: 20
[[ 4.  8.]
 [ 9. 25.]]
[[[list([1124, 1903, 719, 1378])
   list([101, 154, 126, 405, 80, 282, 1079, 3607])]
  [list([304, 142, 511, 1650, 362, 708, 731, 1427, 1957])
   list([441, 142, 527, 552, 431, 1420, 2695, 1037, 631, 771, 782, 569, 1663, 67, 521, 74, 86, 96, 73, 168, 2501, 6463, 359, 329, 1724])]]

 [[list([857, 415, 110, 657]) list([32, 91, 9, 115, 1, 130, 590, 3293])]
  [list([141, 13, 179, 1537, 253, 303, 17, 81, 1414])
   list([325, 64, 172, 423, 116, 872, 2484, 935, 273, 540, 542, 324, 1278, 5, 422, 5, 20, 17, 15, 104, 1733, 5923, 278, 14, 1023])]]

 [[list([267, 1488, 609, 721])
   list([69, 63, 117, 290, 79, 152, 489, 314])]
  [list([163, 129, 332, 113, 109, 405, 714, 1346, 543])
   list([116, 78, 355, 129, 315, 548, 211, 102, 358, 231, 240, 245, 385, 62, 99, 69, 66, 79, 58, 64, 768, 540, 81, 315, 701])]]]
[13998. 17842. 15813.]
Processing vid 0 : ./tchakamau\Washed15vglass\45660_15Vpp_0.avi
T threshold: 30.0
C threshold: 30
[[1. 1.]
 [1. 3.]]
[[[list([610]) list([9041])]
  [list([591]) list([1493, 831, 562])]]

 [[list([24]) list([8499])]
  [list([346]) list([433, 137, 133])]]

 [[list([586]) list([542])]
  [list([245]) list([1060, 694, 429])]]]
[7434. 1665. 1382.]
Processing vid 1 : ./tchakamau\Washed15vglass\45660_15Vpp_1.avi
T threshold: 30.0
C threshold: 30
[[ 7.  1.]
 [ 0. 20.]]
[[[list([1157, 576, 210, 388, 257, 173, 222]) list([955])]
  [list([])
   list([516, 338, 262, 5031, 335, 703, 678, 639, 300, 662, 287, 819, 725, 1155, 1129, 388, 527, 477, 245, 1164])]]

 [[list([0, 333, 4, 109, 7, 9, 5]) list([2])]
  [list([])
   list([183, 12, 24, 1, 107, 47, 390, 56, 2, 508, 108, 121, 613, 745, 820, 306, 427, 264, 88, 857])]]

 [[list([1157, 243, 206, 279, 250, 164, 217]) list([953])]
  [list([])
   list([333, 326, 238, 5030, 228, 656, 288, 583, 298, 154, 179, 698, 112, 410, 309, 82, 100, 213, 157, 307])]]]
[ 1873. 10026.  3723.]
Processing vid 2 : ./tchakamau\Washed15vglass\45660_15Vpp_10.avi
T threshold: 30.0
C threshold: 30
[[2. 2.]
 [1. 2.]]
[[[list([2774, 108]) list([1222, 4321])]
  [list([3099]) list([1011, 7437])]]

 [[list([0, 4]) list([823, 2519])]
  [list([2184]) list([330, 6058])]]

 [[list([2774, 104]) list([399, 1802])]
  [list([915]) list([681, 1379])]]]
[ 2156. 15136.  6402.]
Processing vid 3 : ./tchakamau\Washed15vglass\45660_15Vpp_11.avi
T threshold: 30.0
C threshold: 30
[[0. 1.]
 [1. 1.]]
[[[list([]) list([8035])]
  [list([2864]) list([1691])]]

 [[list([]) list([7227])]
  [list([2358]) list([296])]]

 [[list([]) list([808])]
  [list([506]) list([1395])]]]
[4655. 2319. 3720.]
Processing vid 4 : ./tchakamau\Washed15vglass\45660_15Vpp_2.avi
T threshold: 30.0
C threshold: 30
[[0. 1.]
 [1. 3.]]
[[[list([]) list([2078])]
  [list([2217]) list([341, 989, 4377])]]

 [[list([]) list([1553])]
  [list([826]) list([0, 104, 2476])]]

 [[list([]) list([525])]
  [list([1391]) list([341, 885, 1901])]]]
[1414. 4238.  767.]
Processing vid 5 : ./tchakamau\Washed15vglass\45660_15Vpp_3.avi
T threshold: 30.0
C threshold: 30
[[  1.   4.]
 [  4. 116.]]
[[[list([246]) list([734, 1839, 1114, 1170])]
  [list([653, 252, 565, 671])
   list([10383, 204, 128, 364, 179, 149, 142, 803, 1592, 229, 366, 107, 584, 118, 102, 212, 1381, 467, 271, 332, 277, 252, 172, 380, 304, 311, 274, 110, 131, 90, 781, 357, 139, 265, 277, 139, 411, 890, 440, 1046, 500, 102, 186, 971, 403, 162, 203, 167, 240, 651, 2110, 1688, 1118, 222, 446, 4552, 589, 210, 485, 157, 322, 632, 843, 139, 294, 151, 501, 224, 123, 357, 943, 428, 219, 260, 206, 849, 125, 142, 316, 192, 547, 114, 248, 283, 236, 411, 1250, 427, 250, 177, 738, 281, 436, 112, 167, 136, 204, 272, 225, 451, 520, 177, 114, 818, 145, 488, 318, 229, 322, 104, 259, 242, 279, 283, 421, 1107])]]

 [[list([92]) list([0, 220, 767, 404])]
  [list([95, 47, 112, 3])
   list([0, 27, 0, 248, 56, 32, 0, 350, 152, 108, 297, 3, 376, 23, 0, 18, 85, 75, 2, 6, 5, 2, 9, 100, 74, 0, 159, 35, 41, 4, 654, 59, 24, 118, 18, 5, 204, 335, 100, 343, 73, 8, 9, 82, 10, 2, 105, 4, 36, 27, 122, 2, 7, 1, 234, 11, 0, 9, 85, 36, 233, 11, 129, 4, 3, 24, 382, 54, 7, 23, 565, 196, 49, 139, 23, 144, 4, 40, 228, 25, 310, 5, 54, 127, 81, 39, 2, 66, 7, 54, 1, 124, 276, 24, 44, 24, 7, 191, 30, 48, 178, 8, 8, 638, 17, 5, 147, 134, 208, 22, 49, 143, 138, 177, 292, 960])]]

 [[list([154]) list([734, 1619, 347, 766])]
  [list([558, 205, 453, 668])
   list([10383, 177, 128, 116, 123, 117, 142, 453, 1440, 121, 69, 104, 208, 95, 102, 194, 1296, 392, 269, 326, 272, 250, 163, 280, 230, 311, 115, 75, 90, 86, 127, 298, 115, 147, 259, 134, 207, 555, 340, 703, 427, 94, 177, 889, 393, 160, 98, 163, 204, 624, 1988, 1686, 1111, 221, 212, 4541, 589, 201, 400, 121, 89, 621, 714, 135, 291, 127, 119, 170, 116, 334, 378, 232, 170, 121, 183, 705, 121, 102, 88, 167, 237, 109, 194, 156, 155, 372, 1248, 361, 243, 123, 737, 157, 160, 88, 123, 112, 197, 81, 195, 403, 342, 169, 106, 180, 128, 483, 171, 95, 114, 82, 210, 99, 141, 106, 129, 147])]]]
[ 2575. 34246.  3772.]
Processing vid 6 : ./tchakamau\Washed15vglass\45660_15Vpp_4.avi
T threshold: 30.0
C threshold: 30
[[ 4.  2.]
 [ 3. 21.]]
[[[list([102, 590, 1049, 359]) list([1170, 418])]
  [list([838, 479, 1010])
   list([1574, 240, 882, 4128, 306, 377, 705, 651, 171, 162, 1090, 480, 723, 266, 491, 770, 1341, 1688, 620, 331, 484])]]

 [[list([15, 214, 837, 188]) list([7, 3])]
  [list([333, 168, 199])
   list([1455, 16, 108, 115, 29, 120, 112, 54, 6, 13, 4, 9, 117, 95, 82, 59, 1108, 1536, 0, 187, 40])]]

 [[list([87, 376, 212, 171]) list([1163, 415])]
  [list([505, 311, 811])
   list([119, 224, 774, 4013, 277, 257, 593, 597, 165, 149, 1086, 471, 606, 171, 409, 711, 233, 152, 620, 144, 444])]]]
[2059. 9751. 2248.]
Processing vid 7 : ./tchakamau\Washed15vglass\45660_15Vpp_5.avi
T threshold: 30.0
C threshold: 30
[[ 0.  0.]
 [ 0. 13.]]
[[[list([]) list([])]
  [list([])
   list([6715, 1609, 1218, 985, 4601, 1908, 461, 1863, 425, 1787, 1803, 3080, 2245])]]

 [[list([]) list([])]
  [list([])
   list([5493, 1516, 610, 830, 4116, 217, 65, 1585, 50, 19, 99, 2192, 162])]]

 [[list([]) list([])]
  [list([])
   list([1222, 93, 608, 155, 485, 1691, 396, 278, 375, 1768, 1704, 888, 2083])]]]
[  137. 13072.  9566.]
Processing vid 8 : ./tchakamau\Washed15vglass\45660_15Vpp_6.avi
T threshold: 30.0
C threshold: 30
[[0. 0.]
 [0. 8.]]
[[[list([]) list([])]
  [list([]) list([4653, 103, 314, 722, 4204, 1025, 1571, 2995])]]

 [[list([]) list([])]
  [list([]) list([4566, 28, 182, 594, 3357, 476, 44, 331])]]

 [[list([]) list([])]
  [list([]) list([87, 75, 132, 128, 847, 549, 1527, 2664])]]]
[  88. 9325. 2546.]
Processing vid 9 : ./tchakamau\Washed15vglass\45660_15Vpp_7.avi
T threshold: 30.0
C threshold: 30
[[ 0.  0.]
 [ 0. 11.]]
[[[list([]) list([])]
  [list([])
   list([1012, 3267, 2311, 2055, 1725, 1113, 1517, 567, 1041, 739, 1262])]]

 [[list([]) list([])]
  [list([]) list([0, 2728, 1688, 1518, 1144, 66, 649, 17, 894, 26, 497])]]

 [[list([]) list([])]
  [list([])
   list([1012, 539, 623, 537, 581, 1047, 868, 550, 147, 713, 765])]]]
[   13. 10334.  5020.]
Processing vid 10 : ./tchakamau\Washed15vglass\45660_15Vpp_8.avi
T threshold: 30.0
C threshold: 30
[[ 0.  0.]
 [ 0. 14.]]
[[[list([]) list([])]
  [list([])
   list([7201, 1025, 802, 900, 2497, 601, 1931, 1932, 7435, 1234, 323, 153, 219, 1358])]]

 [[list([]) list([])]
  [list([])
   list([5968, 299, 53, 28, 25, 472, 1806, 1023, 7163, 1109, 112, 29, 71, 35])]]

 [[list([]) list([])]
  [list([])
   list([1233, 726, 749, 872, 2472, 129, 125, 909, 272, 125, 211, 124, 148, 1323])]]]
[   72. 13877.  6040.]
Processing vid 11 : ./tchakamau\Washed15vglass\45660_15Vpp_9.avi
T threshold: 30.0
C threshold: 30
[[ 2.  6.]
 [ 7. 23.]]
[[[list([1936, 1481]) list([101, 106, 1120, 347, 1000, 3585])]
  [list([277, 2886, 735, 1709, 773, 2147, 1951])
   list([453, 167, 530, 614, 366, 1422, 1035, 631, 775, 727, 399, 1163, 399, 275, 1454, 591, 87, 170, 168, 2501, 6466, 609, 1728])]]

 [[list([358, 645]) list([22, 30, 590, 2, 447, 2862])]
  [list([104, 2472, 164, 1483, 2, 70, 1396])
   list([325, 52, 162, 410, 41, 862, 922, 262, 529, 433, 116, 291, 5, 120, 988, 408, 10, 6, 92, 1721, 5911, 148, 1009])]]

 [[list([1578, 836]) list([79, 76, 530, 345, 553, 723])]
  [list([173, 414, 571, 226, 771, 2077, 555])
   list([128, 115, 368, 204, 325, 560, 113, 369, 246, 294, 283, 872, 394, 155, 466, 183, 77, 164, 76, 780, 555, 461, 719])]]]
[13998. 17842. 15813.]
Processing vid 0 : ./tchakamau\Washed15vglass\45660_15Vpp_0.avi
T threshold: 50.0
C threshold: 20
[[2. 1.]
 [1. 4.]]
[[[list([91, 619]) list([9041])]
  [list([586]) list([1388, 494, 297, 558])]]

 [[list([0, 43]) list([8509])]
  [list([451]) list([461, 147, 0, 183])]]

 [[list([91, 576]) list([532])]
  [list([135]) list([927, 347, 297, 375])]]]
[7434. 1665. 1382.]
Processing vid 1 : ./tchakamau\Washed15vglass\45660_15Vpp_1.avi
T threshold: 50.0
C threshold: 20
[[ 2.  1.]
 [ 0. 14.]]
[[[list([481, 462]) list([2581])]
  [list([])
   list([395, 863, 949, 1796, 1581, 1868, 803, 651, 1923, 2025, 1054, 1467, 244, 1165])]]

 [[list([34, 0]) list([2111])]
  [list([])
   list([7, 547, 754, 180, 1, 1404, 537, 159, 1380, 1625, 830, 1264, 98, 868])]]

 [[list([447, 462]) list([470])]
  [list([])
   list([388, 316, 195, 1616, 1580, 464, 266, 492, 543, 400, 224, 203, 146, 297])]]]
[ 1873. 10026.  3723.]
Processing vid 2 : ./tchakamau\Washed15vglass\45660_15Vpp_10.avi
T threshold: 50.0
C threshold: 20
[[1. 2.]
 [1. 2.]]
[[[list([2702]) list([1353, 4232])]
  [list([3097]) list([1046, 7441])]]

 [[list([0]) list([1003, 2531])]
  [list([2194]) list([379, 6191])]]

 [[list([2702]) list([350, 1701])]
  [list([903]) list([667, 1250])]]]
[ 2156. 15136.  6402.]
Processing vid 3 : ./tchakamau\Washed15vglass\45660_15Vpp_11.avi
T threshold: 50.0
C threshold: 20
[[0. 1.]
 [1. 1.]]
[[[list([]) list([8032])]
  [list([2853]) list([1582])]]

 [[list([]) list([7319])]
  [list([2358]) list([310])]]

 [[list([]) list([713])]
  [list([495]) list([1272])]]]
[4655. 2319. 3720.]
Processing vid 4 : ./tchakamau\Washed15vglass\45660_15Vpp_2.avi
T threshold: 50.0
C threshold: 20
[[1. 2.]
 [2. 3.]]
[[[list([517]) list([76, 2078])]
  [list([1140, 535]) list([330, 939, 4377])]]

 [[list([5]) list([0, 1563])]
  [list([887, 4]) list([0, 115, 2486])]]

 [[list([512]) list([76, 515])]
  [list([253, 531]) list([330, 824, 1891])]]]
[1414. 4238.  767.]
Processing vid 5 : ./tchakamau\Washed15vglass\45660_15Vpp_3.avi
T threshold: 50.0
C threshold: 20
[[ 0.  4.]
 [ 4. 76.]]
[[[list([]) list([734, 2015, 1147, 1529])]
  [list([653, 759, 532, 178])
   list([10373, 332, 364, 179, 144, 147, 509, 294, 952, 220, 1122, 584, 327, 1034, 1455, 1119, 1159, 88, 981, 159, 139, 477, 554, 2068, 369, 402, 98, 102, 113, 1044, 935, 426, 465, 1197, 428, 98, 306, 313, 718, 477, 857, 455, 1113, 3506, 668, 517, 643, 1672, 2195, 943, 1746, 216, 885, 362, 283, 236, 411, 536, 382, 332, 427, 384, 728, 468, 548, 167, 340, 497, 451, 451, 1178, 145, 488, 318, 1435, 704])]]

 [[list([]) list([10, 552, 810, 889])]
  [list([105, 640, 222, 3])
   list([0, 214, 258, 66, 42, 15, 360, 91, 722, 0, 1028, 386, 248, 766, 1206, 960, 1079, 14, 852, 30, 34, 293, 451, 1744, 101, 83, 8, 18, 19, 200, 782, 277, 0, 132, 0, 4, 114, 93, 398, 148, 678, 299, 756, 1, 280, 98, 377, 1445, 1904, 728, 1267, 0, 688, 178, 137, 91, 87, 128, 61, 82, 76, 263, 383, 321, 470, 54, 153, 377, 97, 188, 1008, 27, 15, 157, 1328, 585])]]

 [[list([]) list([724, 1463, 337, 640])]
  [list([548, 119, 310, 175])
   list([10373, 118, 106, 113, 102, 132, 149, 203, 230, 220, 94, 198, 79, 268, 249, 159, 80, 74, 129, 129, 105, 184, 103, 324, 268, 319, 90, 84, 94, 844, 153, 149, 465, 1065, 428, 94, 192, 220, 320, 329, 179, 156, 357, 3505, 388, 419, 266, 227, 291, 215, 479, 216, 197, 184, 146, 145, 324, 408, 321, 250, 351, 121, 345, 147, 78, 113, 187, 120, 354, 263, 170, 118, 473, 161, 107, 119])]]]
[ 2575. 34246.  3772.]
Processing vid 6 : ./tchakamau\Washed15vglass\45660_15Vpp_4.avi
T threshold: 50.0
C threshold: 20
[[ 1.  2.]
 [ 3. 23.]]
[[[list([625]) list([1127, 418])]
  [list([838, 480, 1010])
   list([1764, 922, 1658, 223, 2186, 1166, 283, 282, 134, 220, 186, 618, 633, 481, 362, 361, 298, 400, 701, 1480, 1720, 620, 814])]]

 [[list([326]) list([17, 13])]
  [list([343, 282, 209])
   list([1590, 383, 125, 2, 9, 866, 2, 64, 0, 1, 31, 209, 9, 187, 127, 30, 148, 103, 171, 1322, 1578, 10, 381])]]

 [[list([299]) list([1110, 405])]
  [list([495, 198, 801])
   list([174, 539, 1533, 221, 2177, 300, 281, 218, 134, 219, 155, 409, 624, 294, 235, 331, 150, 297, 530, 158, 142, 610, 433])]]]
[2059. 9751. 2248.]
Processing vid 7 : ./tchakamau\Washed15vglass\45660_15Vpp_5.avi
T threshold: 50.0
C threshold: 20
[[0. 0.]
 [0. 7.]]
[[[list([]) list([])]
  [list([]) list([6696, 8420, 1286, 5154, 1786, 3098, 2246])]]

 [[list([]) list([])]
  [list([]) list([5493, 7947, 229, 3907, 445, 2370, 387])]]

 [[list([]) list([])]
  [list([]) list([1203, 473, 1057, 1247, 1341, 728, 1859])]]]
[  137. 13072.  9566.]
Processing vid 8 : ./tchakamau\Washed15vglass\45660_15Vpp_6.avi
T threshold: 50.0
C threshold: 20
[[0. 0.]
 [0. 6.]]
[[[list([]) list([])]
  [list([]) list([5056, 722, 5225, 1083, 495, 2961])]]

 [[list([]) list([])]
  [list([]) list([4938, 608, 4694, 62, 3, 342])]]

 [[list([]) list([])]
  [list([]) list([118, 114, 531, 1021, 492, 2619])]]]
[  88. 9325. 2546.]
Processing vid 9 : ./tchakamau\Washed15vglass\45660_15Vpp_7.avi
T threshold: 50.0
C threshold: 20
[[0. 0.]
 [0. 2.]]
[[[list([]) list([])]
  [list([]) list([15336, 1245])]]

 [[list([]) list([])]
  [list([]) list([14634, 508])]]

 [[list([]) list([])]
  [list([]) list([702, 737])]]]
[   13. 10334.  5020.]