Processing vid 0 : ./tchakamau\Washed15vhalf\45657_15Vpp_101_a.avi
T threshold: 35.0
C threshold: 20
[[0. 0. 1.]
 [0. 0. 0.]
 [0. 0. 5.]]
[[[   0.    0. 3755.]
  [   0.    0.    0.]
  [   0.    0. 3374.]]

 [[   0.    0. 2794.]
  [   0.    0.    0.]
  [   0.    0. 2118.]]

 [[   0.    0.  961.]
  [   0.    0.    0.]
  [   0.    0. 1256.]]]
[2634.   26. 2427. 2087.]
Processing vid 1 : ./tchakamau\Washed15vhalf\45662_15Vpp_111_a.avi
T threshold: 35.0
C threshold: 20
[[ 5.  0.  3.]
 [ 0.  0.  0.]
 [ 3.  0. 12.]]
[[[ 3040.     0.  2780.]
  [    0.     0.     0.]
  [ 3023.     0. 11618.]]

 [[  582.     0.   520.]
  [    0.     0.     0.]
  [ 2776.     0.  9248.]]

 [[ 2458.     0.  2260.]
  [    0.     0.     0.]
  [  247.     0.  2370.]]]
[1.7030e+03 5.0000e+00 1.3243e+04 6.8080e+03]
Processing vid 2 : ./tchakamau\Washed15vhalf\45686_15Vpp_131_pushed_a.avi
T threshold: 35.0
C threshold: 20
[[2. 0. 0.]
 [0. 0. 0.]
 [0. 0. 0.]]
[[[1217.    0.    0.]
  [   0.    0.    0.]
  [   0.    0.    0.]]

 [[ 169.    0.    0.]
  [   0.    0.    0.]
  [   0.    0.    0.]]

 [[1048.    0.    0.]
  [   0.    0.    0.]
  [   0.    0.    0.]]]
[8148.    0.   95. 3355.]
Processing vid 3 : ./tchakamau\Washed15vhalf\45693_15Vpp_121_a.avi
T threshold: 35.0
C threshold: 20
[[ 0.  0.  0.]
 [ 0.  1.  0.]
 [ 0.  1. 16.]]
[[[   0.    0.    0.]
  [   0. 1182.    0.]
  [   0.  691. 7713.]]

 [[   0.    0.    0.]
  [   0. 1038.    0.]
  [   0.  148. 3022.]]

 [[   0.    0.    0.]
  [   0.  144.    0.]
  [   0.  543. 4691.]]]
[  18. 2775. 6423. 2286.]
Processing vid 4 : ./tchakamau\Washed15vhalf\45706_15Vpp_71_a.avi
T threshold: 35.0
C threshold: 20
[[ 2.  0.  5.]
 [ 1.  1.  1.]
 [ 4.  2. 10.]]
[[[1.346e+03 0.000e+00 1.645e+03]
  [9.600e+01 4.900e+02 8.400e+01]
  [1.618e+03 4.000e+02 3.760e+03]]

 [[5.430e+02 0.000e+00 5.080e+02]
  [7.000e+00 3.890e+02 1.000e+00]
  [7.410e+02 1.110e+02 1.709e+03]]

 [[8.030e+02 0.000e+00 1.137e+03]
  [8.900e+01 1.010e+02 8.300e+01]
  [8.770e+02 2.890e+02 2.051e+03]]]
[3128.  482. 3773. 3887.]
Processing vid 5 : ./tchakamau\Washed15vhalf\45706_15Vpp_72_ba.avi
T threshold: 35.0
C threshold: 20
[[ 8.  0. 17.]
 [ 0.  0.  1.]
 [17.  1. 20.]]
[[[4923.    0. 4842.]
  [   0.    0.  205.]
  [5465.  108. 8685.]]

 [[2376.    0. 1045.]
  [   0.    0.  106.]
  [1714.   31. 4202.]]

 [[2547.    0. 3797.]
  [   0.    0.   99.]
  [3751.   77. 4483.]]]
[ 5092.   252.  8825. 14336.]
Processing vid 6 : ./tchakamau\Washed15vhalf\45734_15Vpp_8.avi
T threshold: 35.0
C threshold: 20
[[ 5.  0.  3.]
 [ 0.  0.  0.]
 [ 3.  0. 10.]]
[[[6572.    0. 2229.]
  [   0.    0.    0.]
  [2460.    0. 3547.]]

 [[4397.    0. 1006.]
  [   0.    0.    0.]
  [ 922.    0.  914.]]

 [[2175.    0. 1223.]
  [   0.    0.    0.]
  [1538.    0. 2633.]]]
[5.697e+03 4.000e+00 3.273e+03 1.059e+04]
Processing vid 7 : ./tchakamau\Washed15vhalf\45755_15Vpp_141_a.avi
T threshold: 35.0
C threshold: 20
[[3. 0. 3.]
 [0. 2. 2.]
 [4. 1. 1.]]
[[[3004.    0.  735.]
  [   0.  334. 2214.]
  [1443.  102. 1250.]]

 [[2090.    0.  540.]
  [   0.   92.  785.]
  [ 976.   45.  950.]]

 [[ 914.    0.  195.]
  [   0.  242. 1429.]
  [ 467.   57.  300.]]]
[3004. 1079. 2502. 2661.]
Processing vid 8 : ./tchakamau\Washed15vhalf\45782_15Vpp_21_a.avi
T threshold: 35.0
C threshold: 20
[[3. 0. 3.]
 [0. 0. 2.]
 [3. 2. 9.]]
[[[2858.    0. 1096.]
  [   0.    0.  398.]
  [1704.  520. 4567.]]

 [[1505.    0.  651.]
  [   0.    0.   29.]
  [ 233.  183. 2596.]]

 [[1353.    0.  445.]
  [   0.    0.  369.]
  [1471.  337. 1971.]]]
[2688.  199. 3644. 4854.]
Processing vid 9 : ./tchakamau\Washed15vhalf\45782_15Vpp_22_ba.avi
T threshold: 35.0
C threshold: 20
[[3. 0. 3.]
 [0. 0. 0.]
 [4. 0. 8.]]
[[[4377.    0. 1402.]
  [   0.    0.    0.]
  [4332.    0. 1431.]]

 [[3730.    0.  321.]
  [   0.    0.    0.]
  [ 715.    0.  316.]]

 [[ 647.    0. 1081.]
  [   0.    0.    0.]
  [3617.    0. 1115.]]]
[4.127e+03 3.000e+00 1.913e+03 5.576e+03]
Processing vid 10 : ./tchakamau\Washed15vhalf\45782_15Vpp_31_a.avi
T threshold: 35.0
C threshold: 20
[[0. 0. 1.]
 [0. 0. 0.]
 [1. 0. 5.]]
[[[   0.    0.  954.]
  [   0.    0.    0.]
  [ 704.    0. 2135.]]

 [[   0.    0.   44.]
  [   0.    0.    0.]
  [  97.    0.  954.]]

 [[   0.    0.  910.]
  [   0.    0.    0.]
  [ 607.    0. 1181.]]]
[ 117.   21. 2011. 1880.]
Processing vid 11 : ./tchakamau\Washed15vhalf\45782_15Vpp_32_ba.avi
T threshold: 35.0
C threshold: 20
[[2. 0. 1.]
 [0. 0. 0.]
 [0. 0. 5.]]
[[[ 863.    0. 2350.]
  [   0.    0.    0.]
  [   0.    0. 2299.]]

 [[ 243.    0.  546.]
  [   0.    0.    0.]
  [   0.    0. 1718.]]

 [[ 620.    0. 1804.]
  [   0.    0.    0.]
  [   0.    0.  581.]]]
[8.630e+02 2.000e+00 2.146e+03 2.697e+03]
Processing vid 12 : ./tchakamau\Washed15vhalf\45782_15Vpp_33_ca.avi
T threshold: 35.0
C threshold: 20
[[5. 0. 0.]
 [0. 0. 0.]
 [0. 0. 0.]]
[[[7306.    0.    0.]
  [   0.    0.    0.]
  [   0.    0.    0.]]

 [[5169.    0.    0.]
  [   0.    0.    0.]
  [   0.    0.    0.]]

 [[2137.    0.    0.]
  [   0.    0.    0.]
  [   0.    0.    0.]]]
[5.145e+03 1.000e+00 9.000e+01 4.838e+03]
Processing vid 13 : ./tchakamau\Washed15vhalf\45782_15Vpp_4.avi
T threshold: 35.0
C threshold: 20
[[4. 0. 6.]
 [0. 0. 0.]
 [5. 0. 8.]]
[[[1570.    0. 5888.]
  [   0.    0.    0.]
  [2196.    0. 2514.]]

 [[ 906.    0. 2738.]
  [   0.    0.    0.]
  [ 801.    0.  458.]]

 [[ 664.    0. 3150.]
  [   0.    0.    0.]
  [1395.    0. 2056.]]]
[ 4128.    13.  2752. 11443.]
Processing vid 0 : ./tchakamau\Washed15vhalf\45657_15Vpp_101_a.avi
T threshold: 35.0
C threshold: 30
[[0. 0. 1.]
 [0. 0. 0.]
 [0. 0. 7.]]
[[[   0.    0. 3765.]
  [   0.    0.    0.]
  [   0.    0. 3374.]]

 [[   0.    0. 2794.]
  [   0.    0.    0.]
  [   0.    0. 1429.]]

 [[   0.    0.  971.]
  [   0.    0.    0.]
  [   0.    0. 1945.]]]
[2634.   26. 2427. 2087.]
Processing vid 1 : ./tchakamau\Washed15vhalf\45662_15Vpp_111_a.avi
T threshold: 35.0
C threshold: 30
[[ 4.  0.  3.]
 [ 0.  0.  0.]
 [ 3.  0. 12.]]
[[[ 2379.     0.  3521.]
  [    0.     0.     0.]
  [ 2363.     0. 13443.]]

 [[  239.     0.   482.]
  [    0.     0.     0.]
  [ 1947.     0.  7142.]]

 [[ 2140.     0.  3039.]
  [    0.     0.     0.]
  [  416.     0.  6301.]]]
[1.7030e+03 5.0000e+00 1.3243e+04 6.8080e+03]
Processing vid 2 : ./tchakamau\Washed15vhalf\45686_15Vpp_131_pushed_a.avi
T threshold: 35.0
C threshold: 30
[[3. 0. 0.]
 [0. 0. 0.]
 [0. 0. 0.]]
[[[2996.    0.    0.]
  [   0.    0.    0.]
  [   0.    0.    0.]]

 [[1421.    0.    0.]
  [   0.    0.    0.]
  [   0.    0.    0.]]

 [[1575.    0.    0.]
  [   0.    0.    0.]
  [   0.    0.    0.]]]
[8148.    0.   95. 3355.]
Processing vid 3 : ./tchakamau\Washed15vhalf\45693_15Vpp_121_a.avi
T threshold: 35.0
C threshold: 30
[[0. 0. 0.]
 [0. 2. 0.]
 [0. 1. 4.]]
[[[   0.    0.    0.]
  [   0. 2375.    0.]
  [   0. 1734. 6680.]]

 [[   0.    0.    0.]
  [   0. 1630.    0.]
  [   0.    9.  722.]]

 [[   0.    0.    0.]
  [   0.  745.    0.]
  [   0. 1725. 5958.]]]
[  18. 2775. 6423. 2286.]
Processing vid 4 : ./tchakamau\Washed15vhalf\45706_15Vpp_71_a.avi
T threshold: 35.0
C threshold: 30
[[ 2.  0.  4.]
 [ 1.  0.  0.]
 [ 3.  1. 10.]]
[[[1569.    0. 1133.]
  [ 586.    0.    0.]
  [1139.  127. 5118.]]

 [[ 501.    0.  192.]
  [ 379.    0.    0.]
  [ 243.   74.  908.]]

 [[1068.    0.  941.]
  [ 207.    0.    0.]
  [ 896.   53. 4210.]]]
[3128.  482. 3773. 3887.]
Processing vid 5 : ./tchakamau\Washed15vhalf\45706_15Vpp_72_ba.avi
T threshold: 35.0
C threshold: 30
[[ 7.  0. 11.]
 [ 0.  0.  1.]
 [11.  1. 24.]]
[[[ 3896.     0.  4817.]
  [    0.     0.   293.]
  [ 4821.   149. 10262.]]

 [[ 1757.     0.   769.]
  [    0.     0.    55.]
  [  737.    21.  3018.]]

 [[ 2139.     0.  4048.]
  [    0.     0.   238.]
  [ 4084.   128.  7244.]]]
[ 5092.   252.  8825. 14336.]
Processing vid 6 : ./tchakamau\Washed15vhalf\45734_15Vpp_8.avi
T threshold: 35.0
C threshold: 30
[[5. 0. 3.]
 [0. 0. 0.]
 [3. 0. 5.]]
[[[6279.    0. 2546.]
  [   0.    0.    0.]
  [2640.    0. 3353.]]

 [[4217.    0.  846.]
  [   0.    0.    0.]
  [ 649.    0.  871.]]

 [[2062.    0. 1700.]
  [   0.    0.    0.]
  [1991.    0. 2482.]]]
[5.697e+03 4.000e+00 3.273e+03 1.059e+04]
Processing vid 7 : ./tchakamau\Washed15vhalf\45755_15Vpp_141_a.avi
T threshold: 35.0
C threshold: 30
[[3. 0. 1.]
 [0. 2. 2.]
 [2. 1. 1.]]
[[[3278.    0.  555.]
  [   0.  434. 2152.]
  [1035. 1352.  309.]]

 [[2050.    0.  379.]
  [   0.   72.  675.]
  [ 678.  940.   12.]]

 [[1228.    0.  176.]
  [   0.  362. 1477.]
  [ 357.  412.  297.]]]
[3004. 1079. 2502. 2661.]
Processing vid 8 : ./tchakamau\Washed15vhalf\45782_15Vpp_21_a.avi
T threshold: 35.0
C threshold: 30
[[ 3.  1.  2.]
 [ 0.  0.  1.]
 [ 3.  0. 13.]]
[[[1301.  640. 2049.]
  [   0.    0.  293.]
  [1735.    0. 5135.]]

 [[ 497.  436. 1007.]
  [   0.    0.   13.]
  [ 203.    0. 1598.]]

 [[ 804.  204. 1042.]
  [   0.    0.  280.]
  [1532.    0. 3537.]]]
[2688.  199. 3644. 4854.]
Processing vid 9 : ./tchakamau\Washed15vhalf\45782_15Vpp_22_ba.avi
T threshold: 35.0
C threshold: 30
[[2. 0. 3.]
 [0. 0. 0.]
 [4. 0. 7.]]
[[[4359.    0. 1399.]
  [   0.    0.    0.]
  [4068.    0. 1726.]]

 [[3651.    0.  170.]
  [   0.    0.    0.]
  [ 166.    0.  339.]]

 [[ 708.    0. 1229.]
  [   0.    0.    0.]
  [3902.    0. 1387.]]]
[4.127e+03 3.000e+00 1.913e+03 5.576e+03]
Processing vid 10 : ./tchakamau\Washed15vhalf\45782_15Vpp_31_a.avi
T threshold: 35.0
C threshold: 30
[[0. 0. 1.]
 [0. 0. 0.]
 [1. 0. 3.]]
[[[   0.    0. 1138.]
  [   0.    0.    0.]
  [ 626.    0. 2039.]]

 [[   0.    0.   34.]
  [   0.    0.    0.]
  [   9.    0.   71.]]

 [[   0.    0. 1104.]
  [   0.    0.    0.]
  [ 617.    0. 1968.]]]
[ 117.   21. 2011. 1880.]
Processing vid 11 : ./tchakamau\Washed15vhalf\45782_15Vpp_32_ba.avi
T threshold: 35.0
C threshold: 30
[[2. 0. 1.]
 [0. 0. 0.]
 [0. 0. 5.]]
[[[ 873.    0. 2350.]
  [   0.    0.    0.]
  [   0.    0. 2299.]]

 [[ 233.    0.  536.]
  [   0.    0.    0.]
  [   0.    0. 1542.]]

 [[ 640.    0. 1814.]
  [   0.    0.    0.]
  [   0.    0.  757.]]]
[8.630e+02 2.000e+00 2.146e+03 2.697e+03]
Processing vid 12 : ./tchakamau\Washed15vhalf\45782_15Vpp_33_ca.avi
T threshold: 35.0
C threshold: 30
[[5. 0. 0.]
 [0. 0. 0.]
 [0. 0. 0.]]
[[[7345.    0.    0.]
  [   0.    0.    0.]
  [   0.    0.    0.]]

 [[5012.    0.    0.]
  [   0.    0.    0.]
  [   0.    0.    0.]]

 [[2333.    0.    0.]
  [   0.    0.    0.]
  [   0.    0.    0.]]]
[5.145e+03 1.000e+00 9.000e+01 4.838e+03]
Processing vid 13 : ./tchakamau\Washed15vhalf\45782_15Vpp_4.avi
T threshold: 35.0
C threshold: 30
[[7. 0. 3.]
 [0. 0. 0.]
 [3. 0. 3.]]
[[[5807.    0. 2724.]
  [   0.    0.    0.]
  [2634.    0.  575.]]

 [[2453.    0.  124.]
  [   0.    0.    0.]
  [ 649.    0.  129.]]

 [[3354.    0. 2600.]
  [   0.    0.    0.]
  [1985.    0.  446.]]]
[ 4128.    13.  2752. 11443.]
Processing vid 0 : ./tchakamau\Washed15vhalf\45657_15Vpp_101_a.avi
T threshold: 35.0
C threshold: 40
[[2. 0. 1.]
 [0. 0. 0.]
 [0. 0. 7.]]
[[[2609.    0. 1562.]
  [   0.    0.    0.]
  [   0.    0. 2978.]]

 [[1397.    0.  185.]
  [   0.    0.    0.]
  [   0.    0.  842.]]

 [[1212.    0. 1377.]
  [   0.    0.    0.]
  [   0.    0. 2136.]]]
[2634.   26. 2427. 2087.]
Processing vid 1 : ./tchakamau\Washed15vhalf\45662_15Vpp_111_a.avi
T threshold: 35.0
C threshold: 40
[[ 3.  0.  3.]
 [ 0.  0.  0.]
 [ 3.  0. 13.]]
[[[ 1679.     0.  4617.]
  [    0.     0.     0.]
  [ 1594.     0. 13542.]]

 [[  145.     0.   353.]
  [    0.     0.     0.]
  [ 1148.     0.  4311.]]

 [[ 1534.     0.  4264.]
  [    0.     0.     0.]
  [  446.     0.  9231.]]]
[1.7030e+03 5.0000e+00 1.3243e+04 6.8080e+03]
Processing vid 2 : ./tchakamau\Washed15vhalf\45686_15Vpp_131_pushed_a.avi
T threshold: 35.0
C threshold: 40
[[6. 0. 0.]
 [0. 0. 0.]
 [0. 0. 0.]]
[[[9870.    0.    0.]
  [   0.    0.    0.]
  [   0.    0.    0.]]

 [[5635.    0.    0.]
  [   0.    0.    0.]
  [   0.    0.    0.]]

 [[4235.    0.    0.]
  [   0.    0.    0.]
  [   0.    0.    0.]]]
[8148.    0.   95. 3355.]
Processing vid 3 : ./tchakamau\Washed15vhalf\45693_15Vpp_121_a.avi
T threshold: 35.0
C threshold: 40
[[0. 0. 0.]
 [0. 2. 0.]
 [0. 1. 0.]]
[[[   0.    0.    0.]
  [   0. 2437.    0.]
  [   0. 8424.    0.]]

 [[   0.    0.    0.]
  [   0. 1568.    0.]
  [   0.  482.    0.]]

 [[   0.    0.    0.]
  [   0.  869.    0.]
  [   0. 7942.    0.]]]
[  18. 2775. 6423. 2286.]
Processing vid 4 : ./tchakamau\Washed15vhalf\45706_15Vpp_71_a.avi
T threshold: 35.0
C threshold: 40
[[3. 0. 3.]
 [1. 0. 0.]
 [2. 1. 6.]]
[[[2818.    0. 1329.]
  [ 586.    0.    0.]
  [1379.  127. 4692.]]

 [[1144.    0.  165.]
  [ 148.    0.    0.]
  [ 112.   11.  407.]]

 [[1674.    0. 1164.]
  [ 438.    0.    0.]
  [1267.  116. 4285.]]]
[3128.  482. 3773. 3887.]
Processing vid 5 : ./tchakamau\Washed15vhalf\45706_15Vpp_72_ba.avi
T threshold: 35.0
C threshold: 40
[[ 9.  0.  7.]
 [ 0.  0.  1.]
 [ 7.  1. 19.]]
[[[ 4843.     0.  4089.]
  [    0.     0.   293.]
  [ 4105.   149. 10769.]]

 [[ 1773.     0.   378.]
  [    0.     0.    45.]
  [  322.    11.  2120.]]

 [[ 3070.     0.  3711.]
  [    0.     0.   248.]
  [ 3783.   138.  8649.]]]
[ 5092.   252.  8825. 14336.]
Processing vid 6 : ./tchakamau\Washed15vhalf\45734_15Vpp_8.avi
T threshold: 35.0
C threshold: 40
[[7. 0. 2.]
 [0. 0. 0.]
 [2. 0. 5.]]
[[[8458.    0. 1810.]
  [   0.    0.    0.]
  [1402.    0. 3363.]]

 [[3638.    0.  214.]
  [   0.    0.    0.]
  [ 540.    0.  517.]]

 [[4820.    0. 1596.]
  [   0.    0.    0.]
  [ 862.    0. 2846.]]]
[5.697e+03 4.000e+00 3.273e+03 1.059e+04]
Processing vid 7 : ./tchakamau\Washed15vhalf\45755_15Vpp_141_a.avi
T threshold: 35.0
C threshold: 40
[[4. 0. 0.]
 [0. 2. 2.]
 [1. 1. 1.]]
[[[4.056e+03 0.000e+00 0.000e+00]
  [0.000e+00 4.340e+02 2.162e+03]
  [7.720e+02 1.352e+03 3.490e+02]]

 [[2.389e+03 0.000e+00 0.000e+00]
  [0.000e+00 5.200e+01 6.650e+02]
  [6.220e+02 9.300e+02 2.000e+00]]

 [[1.667e+03 0.000e+00 0.000e+00]
  [0.000e+00 3.820e+02 1.497e+03]
  [1.500e+02 4.220e+02 3.470e+02]]]
[3004. 1079. 2502. 2661.]
Processing vid 8 : ./tchakamau\Washed15vhalf\45782_15Vpp_21_a.avi
T threshold: 35.0
C threshold: 40
[[ 3.  1.  2.]
 [ 0.  0.  1.]
 [ 3.  0. 11.]]
[[[1.538e+03 4.030e+02 2.181e+03]
  [0.000e+00 0.000e+00 5.100e+02]
  [2.237e+03 0.000e+00 4.294e+03]]

 [[4.310e+02 1.890e+02 9.870e+02]
  [0.000e+00 0.000e+00 3.000e+00]
  [1.500e+02 0.000e+00 8.310e+02]]

 [[1.107e+03 2.140e+02 1.194e+03]
  [0.000e+00 0.000e+00 5.070e+02]
  [2.087e+03 0.000e+00 3.463e+03]]]
[2688.  199. 3644. 4854.]
Processing vid 9 : ./tchakamau\Washed15vhalf\45782_15Vpp_22_ba.avi
T threshold: 35.0
C threshold: 40
[[6. 0. 2.]
 [0. 0. 0.]
 [3. 0. 6.]]
[[[6654.    0. 1323.]
  [   0.    0.    0.]
  [2244.    0. 1341.]]

 [[2317.    0.  110.]
  [   0.    0.    0.]
  [  51.    0.  120.]]

 [[4337.    0. 1213.]
  [   0.    0.    0.]
  [2193.    0. 1221.]]]
[4.127e+03 3.000e+00 1.913e+03 5.576e+03]
Processing vid 10 : ./tchakamau\Washed15vhalf\45782_15Vpp_31_a.avi
T threshold: 35.0
C threshold: 40
[[0. 0. 1.]
 [0. 0. 0.]
 [1. 0. 2.]]
[[[   0.    0. 1138.]
  [   0.    0.    0.]
  [1069.    0. 1606.]]

 [[   0.    0.   24.]
  [   0.    0.    0.]
  [   0.    0.   15.]]

 [[   0.    0. 1114.]
  [   0.    0.    0.]
  [1069.    0. 1591.]]]
[ 117.   21. 2011. 1880.]
Processing vid 11 : ./tchakamau\Washed15vhalf\45782_15Vpp_32_ba.avi
T threshold: 35.0
C threshold: 40
[[2. 0. 1.]
 [0. 0. 0.]
 [0. 0. 5.]]
[[[ 883.    0. 2350.]
  [   0.    0.    0.]
  [   0.    0. 2343.]]

 [[ 223.    0.  526.]
  [   0.    0.    0.]
  [   0.    0. 1492.]]

 [[ 660.    0. 1824.]
  [   0.    0.    0.]
  [   0.    0.  851.]]]
[8.630e+02 2.000e+00 2.146e+03 2.697e+03]
Processing vid 12 : ./tchakamau\Washed15vhalf\45782_15Vpp_33_ca.avi
T threshold: 35.0
C threshold: 40
[[5. 0. 0.]
 [0. 0. 0.]
 [0. 0. 0.]]
[[[7355.    0.    0.]
  [   0.    0.    0.]
  [   0.    0.    0.]]

 [[4930.    0.    0.]
  [   0.    0.    0.]
  [   0.    0.    0.]]

 [[2425.    0.    0.]
  [   0.    0.    0.]
  [   0.    0.    0.]]]
[5.145e+03 1.000e+00 9.000e+01 4.838e+03]
Processing vid 13 : ./tchakamau\Washed15vhalf\45782_15Vpp_4.avi
T threshold: 35.0
C threshold: 40
[[5. 0. 2.]
 [0. 0. 0.]
 [2. 0. 2.]]
[[[7415.    0. 2061.]
  [   0.    0.    0.]
  [1920.    0.  354.]]

 [[1425.    0.   13.]
  [   0.    0.    0.]
  [ 563.    0.   66.]]

 [[5990.    0. 2048.]
  [   0.    0.    0.]
  [1357.    0.  288.]]]
[ 4128.    13.  2752. 11443.]
Processing vid 0 : ./tchakamau\Washed15vhalf\45657_15Vpp_101_a.avi
T threshold: 48.333333333333336
C threshold: 20
[[0. 0. 1.]
 [0. 0. 0.]
 [0. 0. 4.]]
[[[   0.    0. 3755.]
  [   0.    0.    0.]
  [   0.    0. 3374.]]

 [[   0.    0. 2794.]
  [   0.    0.    0.]
  [   0.    0. 2301.]]

 [[   0.    0.  961.]
  [   0.    0.    0.]
  [   0.    0. 1073.]]]
[2634.   26. 2427. 2087.]
Processing vid 1 : ./tchakamau\Washed15vhalf\45662_15Vpp_111_a.avi
T threshold: 48.333333333333336
C threshold: 20
[[3. 0. 3.]
 [0. 0. 0.]
 [3. 0. 6.]]
[[[ 2854.     0.  2966.]
  [    0.     0.     0.]
  [ 3238.     0. 11403.]]

 [[  658.     0.   706.]
  [    0.     0.     0.]
  [ 2991.     0. 10063.]]

 [[ 2196.     0.  2260.]
  [    0.     0.     0.]
  [  247.     0.  1340.]]]
[1.7030e+03 5.0000e+00 1.3243e+04 6.8080e+03]
Processing vid 2 : ./tchakamau\Washed15vhalf\45686_15Vpp_131_pushed_a.avi
T threshold: 48.333333333333336
C threshold: 20
[[2. 0. 0.]
 [0. 0. 0.]
 [0. 0. 0.]]
[[[1217.    0.    0.]
  [   0.    0.    0.]
  [   0.    0.    0.]]

 [[ 169.    0.    0.]
  [   0.    0.    0.]
  [   0.    0.    0.]]

 [[1048.    0.    0.]
  [   0.    0.    0.]
  [   0.    0.    0.]]]
[8148.    0.   95. 3355.]
Processing vid 3 : ./tchakamau\Washed15vhalf\45693_15Vpp_121_a.avi
T threshold: 48.333333333333336
C threshold: 20
[[0. 0. 0.]
 [0. 1. 0.]
 [0. 1. 6.]]
[[[   0.    0.    0.]
  [   0. 1182.    0.]
  [   0. 1734. 6670.]]

 [[   0.    0.    0.]
  [   0. 1038.    0.]
  [   0. 1191. 3850.]]

 [[   0.    0.    0.]
  [   0.  144.    0.]
  [   0.  543. 2820.]]]
[  18. 2775. 6423. 2286.]
Processing vid 4 : ./tchakamau\Washed15vhalf\45706_15Vpp_71_a.avi
T threshold: 48.333333333333336
C threshold: 20
[[2. 0. 5.]
 [1. 0. 1.]
 [4. 2. 8.]]
[[[1.346e+03 0.000e+00 1.645e+03]
  [5.860e+02 0.000e+00 8.400e+01]
  [1.721e+03 4.000e+02 3.657e+03]]

 [[5.430e+02 0.000e+00 5.080e+02]
  [4.970e+02 0.000e+00 1.000e+00]
  [8.440e+02 1.110e+02 1.790e+03]]

 [[8.030e+02 0.000e+00 1.137e+03]
  [8.900e+01 0.000e+00 8.300e+01]
  [8.770e+02 2.890e+02 1.867e+03]]]
[3128.  482. 3773. 3887.]
Processing vid 5 : ./tchakamau\Washed15vhalf\45706_15Vpp_72_ba.avi
T threshold: 48.333333333333336
C threshold: 20
[[ 6.  0. 17.]
 [ 0.  0.  1.]
 [17.  1. 14.]]
[[[3390.    0. 6375.]
  [   0.    0.  205.]
  [6068.  755. 7435.]]

 [[1054.    0. 2578.]
  [   0.    0.  106.]
  [2317.  678. 3675.]]

 [[2336.    0. 3797.]
  [   0.    0.   99.]
  [3751.   77. 3760.]]]
[ 5092.   252.  8825. 14336.]
Processing vid 6 : ./tchakamau\Washed15vhalf\45734_15Vpp_8.avi
T threshold: 48.333333333333336
C threshold: 20
[[4. 0. 3.]
 [0. 0. 0.]
 [3. 0. 5.]]
[[[6410.    0. 2391.]
  [   0.    0.    0.]
  [3107.    0. 2640.]]

 [[4366.    0. 1168.]
  [   0.    0.    0.]
  [1569.    0.  549.]]

 [[2044.    0. 1223.]
  [   0.    0.    0.]
  [1538.    0. 2091.]]]
[5.697e+03 4.000e+00 3.273e+03 1.059e+04]
Processing vid 7 : ./tchakamau\Washed15vhalf\45755_15Vpp_141_a.avi
T threshold: 48.333333333333336
C threshold: 20
[[2. 0. 3.]
 [0. 2. 2.]
 [4. 1. 1.]]
[[[2316.    0.  735.]
  [   0.  334. 2214.]
  [1443.  102. 1250.]]

 [[1629.    0.  540.]
  [   0.   92.  785.]
  [ 976.   45.  950.]]

 [[ 687.    0.  195.]
  [   0.  242. 1429.]
  [ 467.   57.  300.]]]
[3004. 1079. 2502. 2661.]
Processing vid 8 : ./tchakamau\Washed15vhalf\45782_15Vpp_21_a.avi
T threshold: 48.333333333333336
C threshold: 20
[[3. 0. 3.]
 [0. 0. 2.]
 [3. 2. 5.]]
[[[2858.    0. 1096.]
  [   0.    0.  398.]
  [2422.  520. 3849.]]

 [[1505.    0.  651.]
  [   0.    0.   29.]
  [ 951.  183. 2140.]]

 [[1353.    0.  445.]
  [   0.    0.  369.]
  [1471.  337. 1709.]]]
[2688.  199. 3644. 4854.]
Processing vid 9 : ./tchakamau\Washed15vhalf\45782_15Vpp_22_ba.avi
T threshold: 48.333333333333336
C threshold: 20
[[3. 0. 3.]
 [0. 0. 0.]
 [4. 0. 4.]]
[[[4377.    0. 1402.]
  [   0.    0.    0.]
  [4927.    0.  836.]]

 [[3730.    0.  321.]
  [   0.    0.    0.]
  [1310.    0.  262.]]

 [[ 647.    0. 1081.]
  [   0.    0.    0.]
  [3617.    0.  574.]]]
[4.127e+03 3.000e+00 1.913e+03 5.576e+03]
Processing vid 10 : ./tchakamau\Washed15vhalf\45782_15Vpp_31_a.avi
T threshold: 48.333333333333336
C threshold: 20
[[0. 0. 1.]
 [0. 0. 0.]
 [1. 0. 3.]]
[[[   0.    0.  954.]
  [   0.    0.    0.]
  [1366.    0. 1473.]]

 [[   0.    0.   44.]
  [   0.    0.    0.]
  [ 759.    0.  685.]]

 [[   0.    0.  910.]
  [   0.    0.    0.]
  [ 607.    0.  788.]]]
[ 117.   21. 2011. 1880.]
Processing vid 11 : ./tchakamau\Washed15vhalf\45782_15Vpp_32_ba.avi
T threshold: 48.333333333333336
C threshold: 20
[[2. 0. 1.]
 [0. 0. 0.]
 [0. 0. 3.]]
[[[ 863.    0. 2350.]
  [   0.    0.    0.]
  [   0.    0. 2299.]]

 [[ 243.    0.  546.]
  [   0.    0.    0.]
  [   0.    0. 1910.]]

 [[ 620.    0. 1804.]
  [   0.    0.    0.]
  [   0.    0.  389.]]]
[8.630e+02 2.000e+00 2.146e+03 2.697e+03]
Processing vid 12 : ./tchakamau\Washed15vhalf\45782_15Vpp_33_ca.avi
T threshold: 48.333333333333336
C threshold: 20
[[3. 0. 0.]
 [0. 0. 0.]
 [0. 0. 0.]]
[[[6085.    0.    0.]
  [   0.    0.    0.]
  [   0.    0.    0.]]

 [[4112.    0.    0.]
  [   0.    0.    0.]
  [   0.    0.    0.]]

 [[1973.    0.    0.]
  [   0.    0.    0.]
  [   0.    0.    0.]]]
[5.145e+03 1.000e+00 9.000e+01 4.838e+03]
Processing vid 13 : ./tchakamau\Washed15vhalf\45782_15Vpp_4.avi
T threshold: 48.333333333333336
C threshold: 20
[[3. 0. 6.]
 [0. 0. 0.]
 [5. 0. 6.]]
[[[1570.    0. 5888.]
  [   0.    0.    0.]
  [2196.    0. 2514.]]

 [[ 969.    0. 2738.]
  [   0.    0.    0.]
  [ 801.    0.  641.]]

 [[ 601.    0. 3150.]
  [   0.    0.    0.]
  [1395.    0. 1873.]]]
[ 4128.    13.  2752. 11443.]
Processing vid 0 : ./tchakamau\Washed15vhalf\45657_15Vpp_101_a.avi
T threshold: 48.333333333333336
C threshold: 30
[[0. 0. 1.]
 [0. 0. 0.]
 [0. 0. 4.]]
[[[   0.    0. 3765.]
  [   0.    0.    0.]
  [   0.    0. 3374.]]

 [[   0.    0. 2794.]
  [   0.    0.    0.]
  [   0.    0. 1962.]]

 [[   0.    0.  971.]
  [   0.    0.    0.]
  [   0.    0. 1412.]]]
[2634.   26. 2427. 2087.]
Processing vid 1 : ./tchakamau\Washed15vhalf\45662_15Vpp_111_a.avi
T threshold: 48.333333333333336
C threshold: 30
[[2. 0. 3.]
 [0. 0. 0.]
 [3. 0. 9.]]
[[[ 2234.     0.  3666.]
  [    0.     0.     0.]
  [ 2363.     0. 12208.]]

 [[  376.     0.   627.]
  [    0.     0.     0.]
  [ 1947.     0.  6322.]]

 [[ 1858.     0.  3039.]
  [    0.     0.     0.]
  [  416.     0.  5886.]]]
[1.7030e+03 5.0000e+00 1.3243e+04 6.8080e+03]
Processing vid 2 : ./tchakamau\Washed15vhalf\45686_15Vpp_131_pushed_a.avi
T threshold: 48.333333333333336
C threshold: 30
[[2. 0. 0.]
 [0. 0. 0.]
 [0. 0. 0.]]
[[[1227.    0.    0.]
  [   0.    0.    0.]
  [   0.    0.    0.]]

 [[  61.    0.    0.]
  [   0.    0.    0.]
  [   0.    0.    0.]]

 [[1166.    0.    0.]
  [   0.    0.    0.]
  [   0.    0.    0.]]]
[8148.    0.   95. 3355.]
Processing vid 3 : ./tchakamau\Washed15vhalf\45693_15Vpp_121_a.avi
T threshold: 48.333333333333336
C threshold: 30
[[0. 0. 0.]
 [0. 1. 0.]
 [0. 1. 4.]]
[[[   0.    0.    0.]
  [   0. 1182.    0.]
  [   0. 1734. 6680.]]

 [[   0.    0.    0.]
  [   0.  854.    0.]
  [   0.    9.  722.]]

 [[   0.    0.    0.]
  [   0.  328.    0.]
  [   0. 1725. 5958.]]]
[  18. 2775. 6423. 2286.]
Processing vid 4 : ./tchakamau\Washed15vhalf\45706_15Vpp_71_a.avi
T threshold: 48.333333333333336
C threshold: 30
[[2. 0. 4.]
 [1. 0. 0.]
 [3. 1. 9.]]
[[[1569.    0. 1133.]
  [ 586.    0.    0.]
  [1242.  127. 5015.]]

 [[ 501.    0.  192.]
  [ 379.    0.    0.]
  [ 346.   74.  899.]]

 [[1068.    0.  941.]
  [ 207.    0.    0.]
  [ 896.   53. 4116.]]]
[3128.  482. 3773. 3887.]
Processing vid 5 : ./tchakamau\Washed15vhalf\45706_15Vpp_72_ba.avi
T threshold: 48.333333333333336
C threshold: 30
[[ 5.  0. 11.]
 [ 0.  0.  1.]
 [11.  1. 17.]]
[[[3770.    0. 4943.]
  [   0.    0.  293.]
  [5424.  406. 9402.]]

 [[1858.    0.  895.]
  [   0.    0.   55.]
  [1340.  278. 3256.]]

 [[1912.    0. 4048.]
  [   0.    0.  238.]
  [4084.  128. 6146.]]]
[ 5092.   252.  8825. 14336.]
Processing vid 6 : ./tchakamau\Washed15vhalf\45734_15Vpp_8.avi
T threshold: 48.333333333333336
C threshold: 30
[[3. 0. 3.]
 [0. 0. 0.]
 [3. 0. 2.]]
[[[6117.    0. 2708.]
  [   0.    0.    0.]
  [3530.    0. 2463.]]

 [[4329.    0. 1008.]
  [   0.    0.    0.]
  [1539.    0.  360.]]

 [[1788.    0. 1700.]
  [   0.    0.    0.]
  [1991.    0. 2103.]]]
[5.697e+03 4.000e+00 3.273e+03 1.059e+04]
Processing vid 7 : ./tchakamau\Washed15vhalf\45755_15Vpp_141_a.avi
T threshold: 48.333333333333336
C threshold: 30
[[2. 0. 1.]
 [0. 2. 2.]
 [2. 1. 1.]]
[[[2567.    0.  555.]
  [   0.  434. 2152.]
  [1035. 1352.  309.]]

 [[1599.    0.  379.]
  [   0.   72.  675.]
  [ 678.  940.   12.]]

 [[ 968.    0.  176.]
  [   0.  362. 1477.]
  [ 357.  412.  297.]]]
[3004. 1079. 2502. 2661.]
Processing vid 8 : ./tchakamau\Washed15vhalf\45782_15Vpp_21_a.avi
T threshold: 48.333333333333336
C threshold: 30
[[2. 1. 2.]
 [0. 0. 1.]
 [3. 0. 7.]]
[[[1136.  805. 2049.]
  [   0.    0.  293.]
  [2192.    0. 4678.]]

 [[ 466.  601. 1007.]
  [   0.    0.   13.]
  [ 660.    0. 1895.]]

 [[ 670.  204. 1042.]
  [   0.    0.  280.]
  [1532.    0. 2783.]]]
[2688.  199. 3644. 4854.]
Processing vid 9 : ./tchakamau\Washed15vhalf\45782_15Vpp_22_ba.avi
T threshold: 48.333333333333336
C threshold: 30
[[2. 0. 3.]
 [0. 0. 0.]
 [4. 0. 5.]]
[[[4359.    0. 1399.]
  [   0.    0.    0.]
  [4630.    0. 1164.]]

 [[3651.    0.  170.]
  [   0.    0.    0.]
  [ 728.    0.   91.]]

 [[ 708.    0. 1229.]
  [   0.    0.    0.]
  [3902.    0. 1073.]]]
[4.127e+03 3.000e+00 1.913e+03 5.576e+03]
Processing vid 10 : ./tchakamau\Washed15vhalf\45782_15Vpp_31_a.avi
T threshold: 48.333333333333336
C threshold: 30
[[0. 0. 1.]
 [0. 0. 0.]
 [1. 0. 3.]]
[[[   0.    0. 1138.]
  [   0.    0.    0.]
  [ 626.    0. 2039.]]

 [[   0.    0.   34.]
  [   0.    0.    0.]
  [   9.    0.   71.]]

 [[   0.    0. 1104.]
  [   0.    0.    0.]
  [ 617.    0. 1968.]]]
[ 117.   21. 2011. 1880.]
Processing vid 11 : ./tchakamau\Washed15vhalf\45782_15Vpp_32_ba.avi
T threshold: 48.333333333333336
C threshold: 30
[[2. 0. 1.]
 [0. 0. 0.]
 [0. 0. 3.]]
[[[ 873.    0. 2350.]
  [   0.    0.    0.]
  [   0.    0. 2299.]]

 [[ 233.    0.  536.]
  [   0.    0.    0.]
  [   0.    0. 1754.]]

 [[ 640.    0. 1814.]
  [   0.    0.    0.]
  [   0.    0.  545.]]]
[8.630e+02 2.000e+00 2.146e+03 2.697e+03]
Processing vid 12 : ./tchakamau\Washed15vhalf\45782_15Vpp_33_ca.avi
T threshold: 48.333333333333336
C threshold: 30
[[3. 0. 0.]
 [0. 0. 0.]
 [0. 0. 0.]]
[[[6126.    0.    0.]
  [   0.    0.    0.]
  [   0.    0.    0.]]

 [[4035.    0.    0.]
  [   0.    0.    0.]
  [   0.    0.    0.]]

 [[2091.    0.    0.]
  [   0.    0.    0.]
  [   0.    0.    0.]]]
[5.145e+03 1.000e+00 9.000e+01 4.838e+03]
Processing vid 13 : ./tchakamau\Washed15vhalf\45782_15Vpp_4.avi
T threshold: 48.333333333333336
C threshold: 30
[[7. 0. 3.]
 [0. 0. 0.]
 [3. 0. 2.]]
[[[5807.    0. 2724.]
  [   0.    0.    0.]
  [2634.    0.  575.]]

 [[2453.    0.  124.]
  [   0.    0.    0.]
  [ 649.    0.  233.]]

 [[3354.    0. 2600.]
  [   0.    0.    0.]
  [1985.    0.  342.]]]
[ 4128.    13.  2752. 11443.]
Processing vid 0 : ./tchakamau\Washed15vhalf\45657_15Vpp_101_a.avi
T threshold: 48.333333333333336
C threshold: 40
[[1. 0. 1.]
 [0. 0. 0.]
 [0. 0. 4.]]
[[[2609.    0. 1562.]
  [   0.    0.    0.]
  [   0.    0. 2978.]]

 [[1912.    0.  185.]
  [   0.    0.    0.]
  [   0.    0. 1394.]]

 [[ 697.    0. 1377.]
  [   0.    0.    0.]
  [   0.    0. 1584.]]]
[2634.   26. 2427. 2087.]
Processing vid 1 : ./tchakamau\Washed15vhalf\45662_15Vpp_111_a.avi
T threshold: 48.333333333333336
C threshold: 40
[[2. 0. 3.]
 [0. 0. 0.]
 [3. 0. 9.]]
[[[ 1501.     0.  4795.]
  [    0.     0.     0.]
  [ 2064.     0. 12736.]]

 [[  144.     0.   531.]
  [    0.     0.     0.]
  [ 1618.     0.  4517.]]

 [[ 1357.     0.  4264.]
  [    0.     0.     0.]
  [  446.     0.  8219.]]]
[1.7030e+03 5.0000e+00 1.3243e+04 6.8080e+03]
Processing vid 2 : ./tchakamau\Washed15vhalf\45686_15Vpp_131_pushed_a.avi
T threshold: 48.333333333333336
C threshold: 40
[[3. 0. 0.]
 [0. 0. 0.]
 [0. 0. 0.]]
[[[4223.    0.    0.]
  [   0.    0.    0.]
  [   0.    0.    0.]]

 [[1354.    0.    0.]
  [   0.    0.    0.]
  [   0.    0.    0.]]

 [[2869.    0.    0.]
  [   0.    0.    0.]
  [   0.    0.    0.]]]
[8148.    0.   95. 3355.]
Processing vid 3 : ./tchakamau\Washed15vhalf\45693_15Vpp_121_a.avi
T threshold: 48.333333333333336
C threshold: 40
[[0. 0. 0.]
 [0. 2. 0.]
 [0. 1. 0.]]
[[[   0.    0.    0.]
  [   0. 2437.    0.]
  [   0. 8424.    0.]]

 [[   0.    0.    0.]
  [   0. 1568.    0.]
  [   0.  482.    0.]]

 [[   0.    0.    0.]
  [   0.  869.    0.]
  [   0. 7942.    0.]]]
[  18. 2775. 6423. 2286.]
Processing vid 4 : ./tchakamau\Washed15vhalf\45706_15Vpp_71_a.avi
T threshold: 48.333333333333336
C threshold: 40
[[2. 0. 3.]
 [1. 0. 0.]
 [2. 1. 5.]]
[[[1612.    0. 1329.]
  [ 586.    0.    0.]
  [1555.  127. 4516.]]

 [[ 481.    0.  165.]
  [ 148.    0.    0.]
  [ 288.   11.  391.]]

 [[1131.    0. 1164.]
  [ 438.    0.    0.]
  [1267.  116. 4125.]]]
[3128.  482. 3773. 3887.]
Processing vid 5 : ./tchakamau\Washed15vhalf\45706_15Vpp_72_ba.avi
T threshold: 48.333333333333336
C threshold: 40
[[ 6.  0.  7.]
 [ 0.  0.  1.]
 [ 7.  1. 17.]]
[[[ 4481.     0.  4451.]
  [    0.     0.   293.]
  [ 4105.   406. 10512.]]

 [[ 1887.     0.   740.]
  [    0.     0.    45.]
  [  322.   268.  2123.]]

 [[ 2594.     0.  3711.]
  [    0.     0.   248.]
  [ 3783.   138.  8389.]]]
[ 5092.   252.  8825. 14336.]
Processing vid 6 : ./tchakamau\Washed15vhalf\45734_15Vpp_8.avi
T threshold: 48.333333333333336
C threshold: 40
[[6. 0. 2.]
 [0. 0. 0.]
 [2. 0. 2.]]
[[[8458.    0. 1810.]
  [   0.    0.    0.]
  [2292.    0. 2473.]]

 [[3789.    0.  214.]
  [   0.    0.    0.]
  [1430.    0.  111.]]

 [[4669.    0. 1596.]
  [   0.    0.    0.]
  [ 862.    0. 2362.]]]
[5.697e+03 4.000e+00 3.273e+03 1.059e+04]
Processing vid 7 : ./tchakamau\Washed15vhalf\45755_15Vpp_141_a.avi
T threshold: 48.333333333333336
C threshold: 40
[[3. 0. 0.]
 [0. 2. 2.]
 [1. 1. 1.]]
[[[3.345e+03 0.000e+00 0.000e+00]
  [0.000e+00 4.340e+02 2.162e+03]
  [7.720e+02 1.352e+03 3.490e+02]]

 [[1.948e+03 0.000e+00 0.000e+00]
  [0.000e+00 5.200e+01 6.650e+02]
  [6.220e+02 9.300e+02 2.000e+00]]

 [[1.397e+03 0.000e+00 0.000e+00]
  [0.000e+00 3.820e+02 1.497e+03]
  [1.500e+02 4.220e+02 3.470e+02]]]
[3004. 1079. 2502. 2661.]
Processing vid 8 : ./tchakamau\Washed15vhalf\45782_15Vpp_21_a.avi
T threshold: 48.333333333333336
C threshold: 40
[[3. 1. 2.]
 [0. 0. 1.]
 [3. 0. 7.]]
[[[1.538e+03 4.030e+02 2.181e+03]
  [0.000e+00 0.000e+00 5.100e+02]
  [2.560e+03 0.000e+00 3.971e+03]]

 [[4.310e+02 1.890e+02 9.870e+02]
  [0.000e+00 0.000e+00 3.000e+00]
  [4.730e+02 0.000e+00 9.940e+02]]

 [[1.107e+03 2.140e+02 1.194e+03]
  [0.000e+00 0.000e+00 5.070e+02]
  [2.087e+03 0.000e+00 2.977e+03]]]
[2688.  199. 3644. 4854.]
Processing vid 9 : ./tchakamau\Washed15vhalf\45782_15Vpp_22_ba.avi
T threshold: 48.333333333333336
C threshold: 40
[[4. 0. 2.]
 [0. 0. 0.]
 [3. 0. 5.]]
[[[6654.    0. 1323.]
  [   0.    0.    0.]
  [2489.    0. 1096.]]

 [[2703.    0.  110.]
  [   0.    0.    0.]
  [ 296.    0.   37.]]

 [[3951.    0. 1213.]
  [   0.    0.    0.]
  [2193.    0. 1059.]]]
[4.127e+03 3.000e+00 1.913e+03 5.576e+03]
Processing vid 10 : ./tchakamau\Washed15vhalf\45782_15Vpp_31_a.avi
T threshold: 48.333333333333336
C threshold: 40
[[0. 0. 1.]
 [0. 0. 0.]
 [1. 0. 2.]]
[[[   0.    0. 1138.]
  [   0.    0.    0.]
  [1069.    0. 1606.]]

 [[   0.    0.   24.]
  [   0.    0.    0.]
  [   0.    0.   15.]]

 [[   0.    0. 1114.]
  [   0.    0.    0.]
  [1069.    0. 1591.]]]
[ 117.   21. 2011. 1880.]
Processing vid 11 : ./tchakamau\Washed15vhalf\45782_15Vpp_32_ba.avi
T threshold: 48.333333333333336
C threshold: 40
[[2. 0. 1.]
 [0. 0. 0.]
 [0. 0. 3.]]
[[[ 883.    0. 2350.]
  [   0.    0.    0.]
  [   0.    0. 2343.]]

 [[ 223.    0.  526.]
  [   0.    0.    0.]
  [   0.    0. 1724.]]

 [[ 660.    0. 1824.]
  [   0.    0.    0.]
  [   0.    0.  619.]]]
[8.630e+02 2.000e+00 2.146e+03 2.697e+03]
Processing vid 12 : ./tchakamau\Washed15vhalf\45782_15Vpp_33_ca.avi
T threshold: 48.333333333333336
C threshold: 40
[[3. 0. 0.]
 [0. 0. 0.]
 [0. 0. 0.]]
[[[6136.    0.    0.]
  [   0.    0.    0.]
  [   0.    0.    0.]]

 [[3973.    0.    0.]
  [   0.    0.    0.]
  [   0.    0.    0.]]

 [[2163.    0.    0.]
  [   0.    0.    0.]
  [   0.    0.    0.]]]
[5.145e+03 1.000e+00 9.000e+01 4.838e+03]
Processing vid 13 : ./tchakamau\Washed15vhalf\45782_15Vpp_4.avi
T threshold: 48.333333333333336
C threshold: 40
[[5. 0. 2.]
 [0. 0. 0.]
 [2. 0. 1.]]
[[[7415.    0. 2061.]
  [   0.    0.    0.]
  [1920.    0.  354.]]

 [[1425.    0.   13.]
  [   0.    0.    0.]
  [ 563.    0.  217.]]

 [[5990.    0. 2048.]
  [   0.    0.    0.]
  [1357.    0.  137.]]]
[ 4128.    13.  2752. 11443.]
Processing vid 0 : ./tchakamau\Washed15vhalf\45657_15Vpp_101_a.avi
T threshold: 61.66666666666667
C threshold: 20
[[0. 0. 1.]
 [0. 0. 0.]
 [0. 0. 3.]]
[[[   0.    0. 3755.]
  [   0.    0.    0.]
  [   0.    0. 3374.]]

 [[   0.    0. 2794.]
  [   0.    0.    0.]
  [   0.    0. 2429.]]

 [[   0.    0.  961.]
  [   0.    0.    0.]
  [   0.    0.  945.]]]
[2634.   26. 2427. 2087.]
Processing vid 1 : ./tchakamau\Washed15vhalf\45662_15Vpp_111_a.avi
T threshold: 61.66666666666667
C threshold: 20
[[3. 0. 3.]
 [0. 0. 0.]
 [3. 0. 2.]]
[[[2854.    0. 2966.]
  [   0.    0.    0.]
  [5514.    0. 1077.]]

 [[ 658.    0.  706.]
  [   0.    0.    0.]
  [5267.    0.  609.]]

 [[2196.    0. 2260.]
  [   0.    0.    0.]
  [ 247.    0.  468.]]]
[1.7030e+03 5.0000e+00 1.3243e+04 6.8080e+03]
Processing vid 2 : ./tchakamau\Washed15vhalf\45686_15Vpp_131_pushed_a.avi
T threshold: 61.66666666666667
C threshold: 20
[[2. 0. 0.]
 [0. 0. 0.]
 [0. 0. 0.]]
[[[1217.    0.    0.]
  [   0.    0.    0.]
  [   0.    0.    0.]]

 [[ 169.    0.    0.]
  [   0.    0.    0.]
  [   0.    0.    0.]]

 [[1048.    0.    0.]
  [   0.    0.    0.]
  [   0.    0.    0.]]]
[8148.    0.   95. 3355.]
Processing vid 3 : ./tchakamau\Washed15vhalf\45693_15Vpp_121_a.avi
T threshold: 61.66666666666667
C threshold: 20
[[0. 0. 0.]
 [0. 0. 0.]
 [0. 1. 4.]]
[[[   0.    0.    0.]
  [   0.    0.    0.]
  [   0. 1734. 6670.]]

 [[   0.    0.    0.]
  [   0.    0.    0.]
  [   0. 1191. 4301.]]

 [[   0.    0.    0.]
  [   0.    0.    0.]
  [   0.  543. 2369.]]]
[  18. 2775. 6423. 2286.]
Processing vid 4 : ./tchakamau\Washed15vhalf\45706_15Vpp_71_a.avi
T threshold: 61.66666666666667
C threshold: 20
[[2. 0. 5.]
 [1. 0. 1.]
 [4. 2. 8.]]
[[[1.346e+03 0.000e+00 1.645e+03]
  [5.860e+02 0.000e+00 8.400e+01]
  [1.721e+03 4.000e+02 3.657e+03]]

 [[5.430e+02 0.000e+00 5.080e+02]
  [4.970e+02 0.000e+00 1.000e+00]
  [8.440e+02 1.110e+02 1.790e+03]]

 [[8.030e+02 0.000e+00 1.137e+03]
  [8.900e+01 0.000e+00 8.300e+01]
  [8.770e+02 2.890e+02 1.867e+03]]]
[3128.  482. 3773. 3887.]
Processing vid 5 : ./tchakamau\Washed15vhalf\45706_15Vpp_72_ba.avi
T threshold: 61.66666666666667
C threshold: 20
[[ 5.  0. 17.]
 [ 0.  0.  1.]
 [17.  1. 11.]]
[[[2386.    0. 7379.]
  [   0.    0.  205.]
  [6468.  755. 7035.]]

 [[ 144.    0. 3582.]
  [   0.    0.  106.]
  [2717.  678. 3706.]]

 [[2242.    0. 3797.]
  [   0.    0.   99.]
  [3751.   77. 3329.]]]
[ 5092.   252.  8825. 14336.]
Processing vid 6 : ./tchakamau\Washed15vhalf\45734_15Vpp_8.avi
T threshold: 61.66666666666667
C threshold: 20
[[4. 0. 3.]
 [0. 0. 0.]
 [3. 0. 4.]]
[[[6410.    0. 2391.]
  [   0.    0.    0.]
  [3107.    0. 2640.]]

 [[4366.    0. 1168.]
  [   0.    0.    0.]
  [1569.    0.  651.]]

 [[2044.    0. 1223.]
  [   0.    0.    0.]
  [1538.    0. 1989.]]]
[5.697e+03 4.000e+00 3.273e+03 1.059e+04]
Processing vid 7 : ./tchakamau\Washed15vhalf\45755_15Vpp_141_a.avi
T threshold: 61.66666666666667
C threshold: 20
[[2. 0. 3.]
 [0. 0. 2.]
 [4. 1. 1.]]
[[[2316.    0.  735.]
  [   0.    0. 2548.]
  [1443.  102. 1250.]]

 [[1629.    0.  540.]
  [   0.    0. 1119.]
  [ 976.   45.  950.]]

 [[ 687.    0.  195.]
  [   0.    0. 1429.]
  [ 467.   57.  300.]]]
[3004. 1079. 2502. 2661.]
Processing vid 8 : ./tchakamau\Washed15vhalf\45782_15Vpp_21_a.avi
T threshold: 61.66666666666667
C threshold: 20
[[3. 0. 3.]
 [0. 0. 2.]
 [3. 2. 4.]]
[[[2858.    0. 1096.]
  [   0.    0.  398.]
  [3931.  520. 2340.]]

 [[1505.    0.  651.]
  [   0.    0.   29.]
  [2460.  183.  728.]]

 [[1353.    0.  445.]
  [   0.    0.  369.]
  [1471.  337. 1612.]]]
[2688.  199. 3644. 4854.]
Processing vid 9 : ./tchakamau\Washed15vhalf\45782_15Vpp_22_ba.avi
T threshold: 61.66666666666667
C threshold: 20
[[3. 0. 3.]
 [0. 0. 0.]
 [4. 0. 3.]]
[[[4377.    0. 1402.]
  [   0.    0.    0.]
  [4927.    0.  836.]]

 [[3730.    0.  321.]
  [   0.    0.    0.]
  [1310.    0.  376.]]

 [[ 647.    0. 1081.]
  [   0.    0.    0.]
  [3617.    0.  460.]]]
[4.127e+03 3.000e+00 1.913e+03 5.576e+03]
Processing vid 10 : ./tchakamau\Washed15vhalf\45782_15Vpp_31_a.avi
T threshold: 61.66666666666667
C threshold: 20
[[0. 0. 1.]
 [0. 0. 0.]
 [1. 0. 3.]]
[[[   0.    0.  954.]
  [   0.    0.    0.]
  [1366.    0. 1473.]]

 [[   0.    0.   44.]
  [   0.    0.    0.]
  [ 759.    0.  685.]]

 [[   0.    0.  910.]
  [   0.    0.    0.]
  [ 607.    0.  788.]]]
[ 117.   21. 2011. 1880.]
Processing vid 11 : ./tchakamau\Washed15vhalf\45782_15Vpp_32_ba.avi
T threshold: 61.66666666666667
C threshold: 20
[[2. 0. 1.]
 [0. 0. 0.]
 [0. 0. 2.]]
[[[ 863.    0. 2350.]
  [   0.    0.    0.]
  [   0.    0. 2299.]]

 [[ 243.    0.  546.]
  [   0.    0.    0.]
  [   0.    0. 1983.]]

 [[ 620.    0. 1804.]
  [   0.    0.    0.]
  [   0.    0.  316.]]]
[8.630e+02 2.000e+00 2.146e+03 2.697e+03]
Processing vid 12 : ./tchakamau\Washed15vhalf\45782_15Vpp_33_ca.avi
T threshold: 61.66666666666667
C threshold: 20
[[2. 0. 0.]
 [0. 0. 0.]
 [0. 0. 0.]]
[[[6085.    0.    0.]
  [   0.    0.    0.]
  [   0.    0.    0.]]

 [[4265.    0.    0.]
  [   0.    0.    0.]
  [   0.    0.    0.]]

 [[1820.    0.    0.]
  [   0.    0.    0.]
  [   0.    0.    0.]]]
[5.145e+03 1.000e+00 9.000e+01 4.838e+03]
Processing vid 13 : ./tchakamau\Washed15vhalf\45782_15Vpp_4.avi
T threshold: 61.66666666666667
C threshold: 20
[[2. 0. 6.]
 [0. 0. 0.]
 [5. 0. 6.]]
[[[1246.    0. 6212.]
  [   0.    0.    0.]
  [2196.    0. 2514.]]

 [[ 748.    0. 3062.]
  [   0.    0.    0.]
  [ 801.    0.  641.]]

 [[ 498.    0. 3150.]
  [   0.    0.    0.]
  [1395.    0. 1873.]]]
[ 4128.    13.  2752. 11443.]
Processing vid 0 : ./tchakamau\Washed15vhalf\45657_15Vpp_101_a.avi
T threshold: 61.66666666666667
C threshold: 30
[[0. 0. 1.]
 [0. 0. 0.]
 [0. 0. 3.]]
[[[   0.    0. 3765.]
  [   0.    0.    0.]
  [   0.    0. 3374.]]

 [[   0.    0. 2794.]
  [   0.    0.    0.]
  [   0.    0. 2100.]]

 [[   0.    0.  971.]
  [   0.    0.    0.]
  [   0.    0. 1274.]]]
[2634.   26. 2427. 2087.]
Processing vid 1 : ./tchakamau\Washed15vhalf\45662_15Vpp_111_a.avi
T threshold: 61.66666666666667
C threshold: 30
[[2. 0. 3.]
 [0. 0. 0.]
 [3. 0. 6.]]
[[[2234.    0. 3666.]
  [   0.    0.    0.]
  [2363.    0. 8423.]]

 [[ 376.    0.  627.]
  [   0.    0.    0.]
  [1947.    0. 3184.]]

 [[1858.    0. 3039.]
  [   0.    0.    0.]
  [ 416.    0. 5239.]]]
[1.7030e+03 5.0000e+00 1.3243e+04 6.8080e+03]
Processing vid 2 : ./tchakamau\Washed15vhalf\45686_15Vpp_131_pushed_a.avi
T threshold: 61.66666666666667
C threshold: 30
[[2. 0. 0.]
 [0. 0. 0.]
 [0. 0. 0.]]
[[[1227.    0.    0.]
  [   0.    0.    0.]
  [   0.    0.    0.]]

 [[  61.    0.    0.]
  [   0.    0.    0.]
  [   0.    0.    0.]]

 [[1166.    0.    0.]
  [   0.    0.    0.]
  [   0.    0.    0.]]]
[8148.    0.   95. 3355.]
Processing vid 3 : ./tchakamau\Washed15vhalf\45693_15Vpp_121_a.avi
T threshold: 61.66666666666667
C threshold: 30
[[0. 0. 0.]
 [0. 1. 0.]
 [0. 1. 4.]]
[[[   0.    0.    0.]
  [   0. 1182.    0.]
  [   0. 1734. 6680.]]

 [[   0.    0.    0.]
  [   0.  854.    0.]
  [   0.    9.  722.]]

 [[   0.    0.    0.]
  [   0.  328.    0.]
  [   0. 1725. 5958.]]]
[  18. 2775. 6423. 2286.]
Processing vid 4 : ./tchakamau\Washed15vhalf\45706_15Vpp_71_a.avi
T threshold: 61.66666666666667
C threshold: 30
[[2. 0. 4.]
 [1. 0. 0.]
 [3. 1. 8.]]
[[[1569.    0. 1133.]
  [ 586.    0.    0.]
  [1242.  127. 5015.]]

 [[ 501.    0.  192.]
  [ 379.    0.    0.]
  [ 346.   74. 1194.]]

 [[1068.    0.  941.]
  [ 207.    0.    0.]
  [ 896.   53. 3821.]]]
[3128.  482. 3773. 3887.]
Processing vid 5 : ./tchakamau\Washed15vhalf\45706_15Vpp_72_ba.avi
T threshold: 61.66666666666667
C threshold: 30
[[ 5.  0. 11.]
 [ 0.  0.  1.]
 [11.  1. 15.]]
[[[3770.    0. 4943.]
  [   0.    0.  293.]
  [5541.  406. 9285.]]

 [[1858.    0.  895.]
  [   0.    0.   55.]
  [1457.  278. 3464.]]

 [[1912.    0. 4048.]
  [   0.    0.  238.]
  [4084.  128. 5821.]]]
[ 5092.   252.  8825. 14336.]
Processing vid 6 : ./tchakamau\Washed15vhalf\45734_15Vpp_8.avi
T threshold: 61.66666666666667
C threshold: 30
[[3. 0. 3.]
 [0. 0. 0.]
 [3. 0. 2.]]
[[[6117.    0. 2708.]
  [   0.    0.    0.]
  [3530.    0. 2463.]]

 [[4329.    0. 1008.]
  [   0.    0.    0.]
  [1539.    0.  360.]]

 [[1788.    0. 1700.]
  [   0.    0.    0.]
  [1991.    0. 2103.]]]
[5.697e+03 4.000e+00 3.273e+03 1.059e+04]
Processing vid 7 : ./tchakamau\Washed15vhalf\45755_15Vpp_141_a.avi
T threshold: 61.66666666666667
C threshold: 30
[[2. 0. 1.]
 [0. 1. 2.]
 [2. 1. 0.]]
[[[2567.    0.  555.]
  [   0.  434. 2152.]
  [1344. 1352.    0.]]

 [[1599.    0.  379.]
  [   0.  226.  675.]
  [ 987.  940.    0.]]

 [[ 968.    0.  176.]
  [   0.  208. 1477.]
  [ 357.  412.    0.]]]
[3004. 1079. 2502. 2661.]