Processing vid 0 : ./tchakamau\Real_glass_half\45672_15Vpp_0.avi
T threshold: 60
C threshold: 10
[[22.  0.  2.]
 [ 0.  0.  0.]
 [ 3.  0.  8.]]
[[[list([751, 372, 263, 970, 250, 834, 149, 515, 152, 910, 283, 459, 821, 258, 271, 426, 503, 380, 257, 1650, 2040, 240])
   list([]) list([295, 2855])]
  [list([]) list([]) list([])]
  [list([352, 261, 67]) list([])
   list([108, 1447, 150, 701, 1041, 1169, 409, 205])]]

 [[list([3, 237, 105, 803, 105, 523, 68, 119, 0, 812, 158, 354, 679, 142, 164, 174, 342, 214, 126, 1495, 1951, 111])
   list([]) list([127, 2753])]
  [list([]) list([]) list([])]
  [list([201, 0, 9]) list([])
   list([2, 1288, 3, 539, 768, 1040, 162, 12])]]

 [[list([748, 135, 158, 167, 145, 311, 81, 396, 152, 98, 125, 105, 142, 116, 107, 252, 161, 166, 131, 155, 89, 129])
   list([]) list([168, 102])]
  [list([]) list([]) list([])]
  [list([151, 261, 58]) list([])
   list([106, 159, 147, 162, 273, 129, 247, 193])]]]
[1.111e+04 5.000e+00 3.625e+03 8.147e+03]
Processing vid 1 : ./tchakamau\Real_glass_half\45672_15Vpp_4.avi
T threshold: 60
C threshold: 10
[[26.  0. 23.]
 [ 0.  0.  0.]
 [23.  0.  3.]]
[[[list([149, 1261, 1021, 1244, 944, 411, 217, 469, 528, 501, 638, 1450, 1377, 954, 1834, 2397, 1546, 915, 664, 1887, 1050, 146, 752, 645, 819, 719])
   list([])
   list([43, 31, 256, 49, 16, 21, 52, 313, 19, 51, 854, 42, 14, 715, 303, 1241, 23, 131, 351, 953, 36, 584, 79])]
  [list([]) list([]) list([])]
  [list([587, 308, 366, 1158, 459, 113, 353, 594, 633, 2438, 1375, 37, 972, 78, 52, 60, 1334, 1020, 11, 33, 17, 329, 23])
   list([]) list([921, 694, 746])]]

 [[list([0, 1133, 560, 767, 804, 0, 17, 1, 351, 362, 419, 1349, 1119, 574, 1552, 2206, 1285, 781, 510, 1479, 874, 0, 529, 372, 709, 577])
   list([])
   list([0, 9, 3, 0, 0, 10, 8, 76, 0, 17, 841, 26, 3, 680, 280, 1112, 12, 108, 283, 934, 7, 566, 1])]
  [list([]) list([]) list([])]
  [list([6, 297, 275, 848, 431, 93, 338, 13, 497, 1899, 1136, 4, 683, 9, 18, 41, 1127, 778, 0, 1, 0, 301, 3])
   list([]) list([452, 418, 20])]]

 [[list([149, 128, 461, 477, 140, 411, 200, 468, 177, 139, 219, 101, 258, 380, 282, 191, 261, 134, 154, 408, 176, 146, 223, 273, 110, 142])
   list([])
   list([43, 22, 253, 49, 16, 11, 44, 237, 19, 34, 13, 16, 11, 35, 23, 129, 11, 23, 68, 19, 29, 18, 78])]
  [list([]) list([]) list([])]
  [list([581, 11, 91, 310, 28, 20, 15, 581, 136, 539, 239, 33, 289, 69, 34, 19, 207, 242, 11, 32, 17, 28, 20])
   list([]) list([469, 276, 726])]]]
[21962.    88. 10694. 14022.]
Processing vid 2 : ./tchakamau\Real_glass_half\45672_15Vpp_5.avi
T threshold: 60
C threshold: 10
[[11.  0. 21.]
 [ 0.  0.  1.]
 [21.  1. 71.]]
[[[list([504, 689, 1158, 892, 2762, 2084, 1951, 481, 1032, 341, 258])
   list([])
   list([173, 278, 58, 757, 509, 257, 868, 231, 163, 223, 867, 436, 716, 574, 177, 37, 14, 727, 54, 348, 312])]
  [list([]) list([]) list([116])]
  [list([505, 23, 126, 191, 1207, 248, 1300, 52, 157, 23, 63, 1187, 463, 53, 58, 105, 11, 34, 93, 42, 630])
   list([370])
   list([229, 770, 477, 1825, 130, 398, 546, 278, 603, 346, 178, 394, 292, 128, 209, 302, 387, 456, 280, 578, 205, 349, 172, 178, 175, 153, 192, 363, 89, 381, 126, 301, 154, 199, 280, 929, 177, 383, 215, 467, 378, 472, 355, 348, 395, 491, 355, 144, 182, 362, 443, 268, 455, 693, 142, 202, 469, 357, 181, 1723, 590, 1306, 278, 529, 527, 206, 136, 1581, 756, 142, 211])]]

 [[list([177, 333, 917, 0, 940, 457, 1577, 0, 52, 4, 6]) list([])
   list([142, 218, 2, 427, 0, 51, 857, 110, 0, 0, 1, 17, 134, 402, 48, 3, 3, 205, 21, 173, 51])]
  [list([]) list([]) list([2])]
  [list([0, 0, 115, 2, 2, 64, 3, 12, 1, 1, 2, 99, 1, 1, 0, 1, 0, 3, 57, 10, 4])
   list([41])
   list([140, 509, 182, 1306, 7, 42, 124, 1, 453, 14, 59, 148, 78, 2, 8, 1, 124, 40, 19, 119, 128, 243, 87, 89, 87, 61, 84, 180, 0, 44, 15, 37, 29, 94, 121, 768, 36, 110, 6, 40, 27, 265, 129, 0, 82, 0, 1, 1, 69, 118, 352, 136, 152, 79, 7, 82, 299, 241, 4, 678, 464, 50, 41, 169, 46, 72, 0, 241, 4, 7, 55])]]

 [[list([327, 356, 241, 892, 1822, 1627, 374, 481, 980, 337, 252])
   list([])
   list([31, 60, 56, 330, 509, 206, 11, 121, 163, 223, 866, 419, 582, 172, 129, 34, 11, 522, 33, 175, 261])]
  [list([]) list([]) list([114])]
  [list([505, 23, 11, 189, 1205, 184, 1297, 40, 156, 22, 61, 1088, 462, 52, 58, 104, 11, 31, 36, 32, 626])
   list([329])
   list([89, 261, 295, 519, 123, 356, 422, 277, 150, 332, 119, 246, 214, 126, 201, 301, 263, 416, 261, 459, 77, 106, 85, 89, 88, 92, 108, 183, 89, 337, 111, 264, 125, 105, 159, 161, 141, 273, 209, 427, 351, 207, 226, 348, 313, 491, 354, 143, 113, 244, 91, 132, 303, 614, 135, 120, 170, 116, 177, 1045, 126, 1256, 237, 360, 481, 134, 136, 1340, 752, 135, 156])]]]
[10360.   274. 21440. 23958.]
Processing vid 3 : ./tchakamau\Real_glass_half\45690_15Vpp_1_pushed.avi
T threshold: 60
C threshold: 10
[[10.  0.  3.]
 [ 0.  0.  0.]
 [ 4.  0.  5.]]
[[[list([263, 332, 395, 172, 206, 727, 415, 431, 304, 541]) list([])
   list([363, 102, 143])]
  [list([]) list([]) list([])]
  [list([249, 264, 25, 735]) list([]) list([600, 178, 350, 318, 276])]]

 [[list([108, 121, 183, 9, 65, 610, 315, 309, 51, 207]) list([])
   list([109, 81, 10])]
  [list([]) list([]) list([])]
  [list([0, 192, 4, 500]) list([]) list([438, 22, 217, 6, 31])]]

 [[list([155, 211, 212, 163, 141, 117, 100, 122, 253, 334]) list([])
   list([254, 21, 133])]
  [list([]) list([]) list([])]
  [list([249, 72, 21, 235]) list([]) list([162, 156, 133, 312, 245])]]]
[2.146e+03 3.000e+00 1.383e+03 3.930e+03]
Processing vid 4 : ./tchakamau\Real_glass_half\45690_15Vpp_2_pushed.avi
T threshold: 60
C threshold: 10
[[11.  0.  0.]
 [ 0.  0.  0.]
 [ 0.  0.  0.]]
[[[list([211, 1570, 357, 202, 665, 472, 124, 819, 266, 562, 177])
   list([]) list([])]
  [list([]) list([]) list([])]
  [list([]) list([]) list([])]]

 [[list([0, 1353, 145, 94, 533, 389, 12, 730, 186, 452, 45]) list([])
   list([])]
  [list([]) list([]) list([])]
  [list([]) list([]) list([])]]

 [[list([211, 217, 212, 108, 132, 83, 112, 89, 80, 110, 132]) list([])
   list([])]
  [list([]) list([]) list([])]
  [list([]) list([]) list([])]]]
[4.356e+03 2.000e+00 4.200e+01 1.975e+03]
Processing vid 5 : ./tchakamau\Real_glass_half\45690_15Vpp_3.avi
T threshold: 60
C threshold: 10
[[2. 0. 1.]
 [0. 0. 0.]
 [1. 0. 0.]]
[[[list([1235, 838]) list([]) list([3258])]
  [list([]) list([]) list([])]
  [list([474]) list([]) list([])]]

 [[list([910, 665]) list([]) list([3226])]
  [list([]) list([]) list([])]
  [list([455]) list([]) list([])]]

 [[list([325, 173]) list([]) list([32])]
  [list([]) list([]) list([])]
  [list([19]) list([]) list([])]]]
[6697.    0.  458.  884.]
Processing vid 0 : ./tchakamau\Real_glass_half\45672_15Vpp_0.avi
T threshold: 60
C threshold: 30
[[26.  0.  2.]
 [ 0.  0.  0.]
 [ 3.  0.  5.]]
[[[list([389, 356, 782, 216, 892, 917, 621, 609, 685, 269, 440, 343, 756, 223, 697, 194, 397, 397, 152, 297, 1385, 1091, 415, 286, 508, 959])
   list([]) list([630, 364])]
  [list([]) list([]) list([])]
  [list([2339, 518, 721]) list([]) list([624, 1159, 266, 687, 1261])]]

 [[list([41, 10, 331, 25, 9, 58, 2, 4, 303, 19, 17, 118, 515, 87, 19, 16, 128, 0, 1, 48, 974, 568, 5, 2, 68, 584])
   list([]) list([1, 4])]
  [list([]) list([]) list([])]
  [list([201, 0, 15]) list([]) list([20, 1, 14, 36, 661])]]

 [[list([348, 346, 451, 191, 883, 859, 619, 605, 382, 250, 423, 225, 241, 136, 678, 178, 269, 397, 151, 249, 411, 523, 410, 284, 440, 375])
   list([]) list([629, 360])]
  [list([]) list([]) list([])]
  [list([2138, 518, 706]) list([]) list([604, 1158, 252, 651, 600])]]]
[1.111e+04 5.000e+00 3.625e+03 8.147e+03]
Processing vid 1 : ./tchakamau\Real_glass_half\45672_15Vpp_4.avi
T threshold: 60
C threshold: 30
[[15.  0.  7.]
 [ 0.  0.  0.]
 [ 8.  0.  6.]]
[[[list([475, 888, 431, 586, 1512, 685, 1980, 1320, 2498, 1491, 914, 619, 1948, 1393, 1706])
   list([]) list([1280, 876, 1069, 1543, 3077, 1370, 1123])]
  [list([]) list([]) list([])]
  [list([1701, 733, 1412, 484, 1014, 715, 1266, 406]) list([])
   list([1349, 1818, 1155, 1599, 1144, 627])]]

 [[list([201, 289, 199, 242, 879, 156, 1357, 980, 1901, 1136, 715, 197, 1416, 414, 1201])
   list([]) list([987, 1, 628, 1078, 1887, 758, 539])]
  [list([]) list([]) list([])]
  [list([339, 372, 493, 164, 375, 266, 606, 71]) list([])
   list([851, 20, 477, 1157, 84, 402])]]

 [[list([274, 599, 232, 344, 633, 529, 623, 340, 597, 355, 199, 422, 532, 979, 505])
   list([]) list([293, 875, 441, 465, 1190, 612, 584])]
  [list([]) list([]) list([])]
  [list([1362, 361, 919, 320, 639, 449, 660, 335]) list([])
   list([498, 1798, 678, 442, 1060, 225])]]]
[21962.    88. 10694. 14022.]
Processing vid 2 : ./tchakamau\Real_glass_half\45672_15Vpp_5.avi
T threshold: 60
C threshold: 30
[[ 0.  0.  0.]
 [ 0.  0.  0.]
 [ 0.  0. 14.]]
[[[list([]) list([]) list([])]
  [list([]) list([]) list([])]
  [list([]) list([])
   list([8857, 174, 349, 350, 328, 342, 1264, 21856, 7850, 339, 408, 1783, 3758, 731])]]

 [[list([]) list([]) list([])]
  [list([]) list([]) list([])]
  [list([]) list([])
   list([73, 38, 223, 67, 67, 64, 10, 11, 4, 40, 297, 3, 25, 19])]]

 [[list([]) list([]) list([])]
  [list([]) list([]) list([])]
  [list([]) list([])
   list([8784, 136, 126, 283, 261, 278, 1254, 21845, 7846, 299, 111, 1780, 3733, 712])]]]
[10360.   274. 21440. 23958.]
Processing vid 3 : ./tchakamau\Real_glass_half\45690_15Vpp_1_pushed.avi
T threshold: 60
C threshold: 30
[[5. 0. 1.]
 [0. 0. 0.]
 [2. 0. 2.]]
[[[list([595, 424, 727, 415, 735]) list([]) list([921])]
  [list([]) list([]) list([])]
  [list([1036, 1060]) list([]) list([412, 543])]]

 [[list([59, 133, 167, 152, 163]) list([]) list([60])]
  [list([]) list([]) list([])]
  [list([1, 398]) list([]) list([0, 26])]]

 [[list([536, 291, 560, 263, 572]) list([]) list([861])]
  [list([]) list([]) list([])]
  [list([1035, 662]) list([]) list([412, 517])]]]
[2.146e+03 3.000e+00 1.383e+03 3.930e+03]
Processing vid 4 : ./tchakamau\Real_glass_half\45690_15Vpp_2_pushed.avi
T threshold: 60
C threshold: 30
[[13.  0.  0.]
 [ 0.  0.  0.]
 [ 0.  0.  0.]]
[[[list([231, 820, 857, 279, 300, 590, 728, 383, 667, 158, 255, 177, 736])
   list([]) list([])]
  [list([]) list([]) list([])]
  [list([]) list([]) list([])]]

 [[list([0, 345, 281, 18, 3, 340, 272, 105, 61, 0, 1, 10, 407]) list([])
   list([])]
  [list([]) list([]) list([])]
  [list([]) list([]) list([])]]

 [[list([231, 475, 576, 261, 297, 250, 456, 278, 606, 158, 254, 167, 329])
   list([]) list([])]
  [list([]) list([]) list([])]
  [list([]) list([]) list([])]]]
[4.356e+03 2.000e+00 4.200e+01 1.975e+03]
Processing vid 5 : ./tchakamau\Real_glass_half\45690_15Vpp_3.avi
T threshold: 60
C threshold: 30
[[2. 0. 1.]
 [0. 0. 0.]
 [1. 0. 0.]]
[[[list([1370, 790]) list([]) list([3255])]
  [list([]) list([]) list([])]
  [list([532]) list([]) list([])]]

 [[list([884, 409]) list([]) list([3022])]
  [list([]) list([]) list([])]
  [list([217]) list([]) list([])]]

 [[list([486, 381]) list([]) list([233])]
  [list([]) list([]) list([])]
  [list([315]) list([]) list([])]]]
[6697.    0.  458.  884.]