Processing vid 0 : ./tchakamau\Density_matchedstyrene\45696_15Vpp_6.avi
T threshold: 50.0
C threshold: 5.0
[[ 6. 10.]
 [10. 23.]]
[[[list([2281, 115, 968, 677, 2723, 535])
   list([4130, 315, 3893, 1562, 3354, 1078, 2181, 56, 185, 480])]
  [list([448, 7690, 1724, 415, 1407, 402, 14133, 1154, 66, 199])
   list([273, 604, 1835, 319, 360, 371, 1064, 586, 246, 287, 2120, 636, 3939, 398, 1232, 234, 106, 461, 132, 1011, 283, 513, 1672])]]

 [[list([1954, 28, 904, 64, 2518, 310])
   list([3596, 255, 3853, 1504, 3143, 965, 2138, 19, 144, 63])]
  [list([121, 7641, 1352, 1, 900, 328, 12795, 883, 19, 6])
   list([135, 543, 1718, 2, 150, 308, 266, 517, 39, 0, 252, 541, 3366, 1, 1134, 85, 24, 389, 6, 456, 222, 143, 1216])]]

 [[list([327, 87, 64, 613, 205, 225])
   list([534, 60, 40, 58, 211, 113, 43, 37, 41, 417])]
  [list([327, 49, 372, 414, 507, 74, 1338, 271, 47, 193])
   list([138, 61, 117, 317, 210, 63, 798, 69, 207, 287, 1868, 95, 573, 397, 98, 149, 82, 72, 126, 555, 61, 370, 456])]]]
[17708. 47861.  3891.]
Processing vid 0 : ./tchakamau\Density_matchedstyrene\45696_15Vpp_6.avi
T threshold: 50.0
C threshold: 11.11111111111111
[[ 8.  8.]
 [ 8. 19.]]
[[[list([2250, 3541, 697, 85, 648, 2756, 426, 495])
   list([602, 311, 3987, 1562, 3773, 1190, 2217, 480])]
  [list([479, 7966, 1757, 990, 1407, 411, 14133, 1274])
   list([373, 511, 1609, 561, 360, 371, 944, 533, 2202, 595, 3898, 1239, 220, 134, 430, 1011, 247, 513, 1672])]]

 [[list([1916, 3460, 376, 1, 2, 2407, 183, 167])
   list([23, 170, 3748, 1497, 3101, 938, 2131, 5])]
  [list([89, 7605, 1322, 499, 873, 310, 12773, 876])
   list([127, 443, 1441, 89, 123, 301, 128, 32, 231, 452, 3274, 1106, 50, 3, 328, 449, 171, 118, 1209])]]

 [[list([334, 81, 321, 84, 646, 349, 243, 328])
   list([579, 141, 239, 65, 672, 252, 86, 475])]
  [list([390, 361, 435, 491, 534, 101, 1360, 398])
   list([246, 68, 168, 472, 237, 70, 816, 501, 1971, 143, 624, 133, 170, 131, 102, 562, 76, 395, 463])]]]
[17708. 47861.  3891.]
Processing vid 0 : ./tchakamau\Density_matchedstyrene\45696_15Vpp_6.avi
T threshold: 50.0
C threshold: 17.22222222222222
[[ 4.  8.]
 [ 8. 22.]]
[[[list([2250, 782, 2858, 552])
   list([4158, 311, 3885, 1562, 3797, 1287, 2272, 882])]
  [list([479, 7901, 2405, 990, 1369, 394, 14037, 1249])
   list([395, 495, 333, 1280, 607, 360, 371, 944, 533, 2202, 595, 3936, 1215, 354, 240, 207, 1010, 192, 564, 206, 856, 584])]]

 [[list([1910, 338, 2275, 177])
   list([3438, 129, 3640, 1491, 3045, 932, 2125, 35])]
  [list([83, 7497, 1316, 423, 676, 268, 12671, 845])
   list([127, 421, 92, 1087, 64, 117, 295, 122, 9, 153, 446, 3268, 1042, 44, 43, 46, 346, 110, 49, 19, 741, 73])]]

 [[list([340, 444, 583, 375])
   list([720, 182, 245, 71, 752, 355, 147, 847])]
  [list([396, 404, 1089, 567, 693, 126, 1366, 404])
   list([268, 74, 241, 193, 543, 243, 76, 822, 524, 2049, 149, 668, 173, 310, 197, 161, 664, 82, 515, 187, 115, 511])]]]
[17708. 47861.  3891.]
Processing vid 0 : ./tchakamau\Density_matchedstyrene\45696_15Vpp_6.avi
T threshold: 50.0
C threshold: 23.333333333333332
[[ 4.  8.]
 [ 8. 22.]]
[[[list([2130, 2858, 3563, 552])
   list([4158, 1093, 344, 1562, 3797, 1287, 2291, 905])]
  [list([599, 7901, 2405, 847, 1369, 394, 14037, 1249])
   list([401, 495, 333, 1280, 607, 390, 341, 1065, 533, 2202, 595, 3936, 1215, 354, 240, 207, 1010, 201, 536, 206, 856, 584])]]

 [[list([1784, 2269, 3393, 171])
   list([3432, 313, 71, 1485, 3039, 926, 2119, 29])]
  [list([77, 7491, 1310, 274, 615, 262, 12665, 839])
   list([127, 415, 86, 1081, 58, 111, 259, 94, 3, 147, 440, 3262, 1036, 38, 37, 40, 340, 85, 15, 13, 735, 67])]]

 [[list([346, 589, 170, 381])
   list([726, 780, 273, 77, 758, 361, 172, 876])]
  [list([522, 410, 1095, 573, 754, 132, 1372, 410])
   list([274, 80, 247, 199, 549, 279, 82, 971, 530, 2055, 155, 674, 179, 316, 203, 167, 670, 116, 521, 193, 121, 517])]]]
[17708. 47861.  3891.]
Processing vid 0 : ./tchakamau\Density_matchedstyrene\45696_15Vpp_6.avi
T threshold: 50.0
C threshold: 29.444444444444443
[[ 4.  8.]
 [ 8. 20.]]
[[[list([2130, 2660, 3563, 552])
   list([4158, 1093, 344, 2095, 3797, 1287, 2291, 935])]
  [list([599, 7901, 2603, 788, 1369, 394, 14037, 1249])
   list([407, 495, 333, 1280, 607, 390, 341, 1124, 2202, 595, 3936, 1215, 594, 207, 1010, 201, 536, 206, 856, 584])]]

 [[list([1778, 2065, 3387, 165])
   list([3426, 307, 65, 1479, 3033, 920, 2113, 23])]
  [list([71, 7485, 1304, 209, 609, 256, 12659, 833])
   list([127, 409, 10, 1075, 52, 75, 253, 88, 141, 434, 3228, 1030, 32, 8, 301, 79, 9, 7, 729, 61])]]

 [[list([352, 595, 176, 387])
   list([732, 786, 279, 616, 764, 367, 178, 912])]
  [list([528, 416, 1299, 579, 760, 138, 1378, 416])
   list([280, 86, 323, 205, 555, 315, 88, 1036, 2061, 161, 708, 185, 562, 199, 709, 122, 527, 199, 127, 523])]]]
[17708. 47861.  3891.]
Processing vid 0 : ./tchakamau\Density_matchedstyrene\45696_15Vpp_6.avi
T threshold: 50.0
C threshold: 35.55555555555556
[[ 4.  8.]
 [ 8. 20.]]
[[[list([2130, 2716, 3507, 552])
   list([4158, 1093, 344, 2095, 3832, 1287, 2229, 935])]
  [list([599, 7853, 2603, 788, 1369, 394, 14060, 1249])
   list([413, 495, 333, 1280, 655, 390, 341, 1124, 2202, 631, 3900, 1180, 594, 207, 1049, 201, 536, 264, 798, 584])]]

 [[list([1772, 2059, 3325, 159])
   list([3420, 200, 59, 1473, 3027, 914, 2045, 17])]
  [list([65, 7431, 1298, 203, 603, 250, 12614, 827])
   list([127, 284, 4, 1069, 46, 69, 247, 82, 135, 428, 3186, 989, 26, 2, 295, 73, 3, 1, 665, 55])]]

 [[list([358, 657, 182, 393])
   list([738, 893, 285, 622, 805, 373, 184, 918])]
  [list([534, 422, 1305, 585, 766, 144, 1446, 422])
   list([286, 211, 329, 211, 609, 321, 94, 1042, 2067, 203, 714, 191, 568, 205, 754, 128, 533, 263, 133, 529])]]]
[17708. 47861.  3891.]
Processing vid 0 : ./tchakamau\Density_matchedstyrene\45696_15Vpp_6.avi
T threshold: 50.0
C threshold: 41.666666666666664
[[ 4.  8.]
 [ 8. 16.]]
[[[list([1926, 2716, 3507, 552])
   list([4491, 1093, 344, 2095, 3832, 1287, 2216, 935])]
  [list([803, 7853, 2603, 642, 1328, 394, 14073, 1101])
   list([575, 339, 1280, 655, 390, 341, 1270, 2202, 631, 3941, 1180, 801, 1049, 1001, 798, 732])]]

 [[list([1562, 2053, 3319, 153])
   list([3414, 59, 53, 1467, 3021, 908, 2026, 11])]
  [list([59, 7425, 1292, 51, 556, 244, 12608, 673])
   list([127, 122, 1063, 40, 63, 241, 76, 129, 422, 3180, 983, 20, 289, 67, 659, 49])]]

 [[list([364, 663, 188, 399])
   list([1077, 1034, 291, 628, 811, 379, 190, 924])]
  [list([744, 428, 1311, 591, 772, 150, 1465, 428])
   list([448, 217, 217, 615, 327, 100, 1194, 2073, 209, 761, 197, 781, 760, 934, 139, 683])]]]
[17708. 47861.  3891.]
Processing vid 0 : ./tchakamau\Density_matchedstyrene\45696_15Vpp_6.avi
T threshold: 50.0
C threshold: 47.77777777777777
[[ 4.  8.]
 [ 8. 18.]]
[[[list([1926, 2718, 3505, 552])
   list([4575, 1047, 344, 2095, 3832, 1551, 2216, 935])]
  [list([803, 592, 2603, 642, 1328, 164, 13995, 1101])
   list([581, 339, 1196, 655, 7307, 390, 341, 1270, 2202, 631, 550, 3391, 1180, 1031, 863, 1001, 798, 732])]]

 [[list([1556, 2047, 3311, 147])
   list([3408, 7, 47, 1461, 3015, 731, 2020, 5])]
  [list([53, 112, 1142, 45, 550, 8, 12524, 667])
   list([81, 116, 973, 34, 6955, 57, 235, 70, 123, 416, 93, 2624, 977, 14, 19, 61, 653, 43])]]

 [[list([370, 671, 194, 405])
   list([1167, 1040, 297, 634, 817, 820, 196, 930])]
  [list([750, 480, 1461, 597, 778, 156, 1471, 434])
   list([500, 223, 223, 621, 352, 333, 106, 1200, 2079, 215, 457, 767, 203, 1017, 844, 940, 145, 689])]]]
[17708. 47861.  3891.]
Processing vid 0 : ./tchakamau\Density_matchedstyrene\45696_15Vpp_6.avi
T threshold: 50.0
C threshold: 53.888888888888886
[[ 4.  8.]
 [ 8. 18.]]
[[[list([2167, 2718, 3505, 610])
   list([4334, 1047, 344, 2095, 3832, 941, 2216, 1487])]
  [list([803, 592, 2603, 642, 1328, 164, 13917, 1101])
   list([587, 339, 1196, 655, 7307, 390, 341, 1270, 2202, 631, 614, 3327, 1180, 1031, 941, 1061, 738, 732])]]

 [[list([1550, 2041, 3305, 200])
   list([3161, 1, 41, 1455, 2955, 115, 2014, 141])]
  [list([47, 106, 1136, 39, 544, 2, 12440, 661])
   list([81, 110, 967, 28, 6800, 51, 229, 64, 117, 410, 87, 2554, 971, 8, 13, 55, 587, 37])]]

 [[list([617, 677, 200, 410])
   list([1173, 1046, 303, 640, 877, 826, 202, 1346])]
  [list([756, 486, 1467, 603, 784, 162, 1477, 440])
   list([506, 229, 229, 627, 507, 339, 112, 1206, 2085, 221, 527, 773, 209, 1023, 928, 1006, 151, 695])]]]
[17708. 47861.  3891.]
Processing vid 0 : ./tchakamau\Density_matchedstyrene\45696_15Vpp_6.avi
T threshold: 50.0
C threshold: 60.0
[[ 4.  7.]
 [ 7. 18.]]
[[[list([2167, 2718, 3505, 679])
   list([4334, 344, 2095, 3832, 872, 2216, 1487])]
  [list([803, 2603, 642, 1243, 1195, 13917, 1101])
   list([593, 339, 1196, 655, 7382, 1564, 390, 341, 1270, 2202, 631, 614, 3412, 1180, 941, 1061, 738, 732])]]

 [[list([1544, 2035, 3299, 194])
   list([3155, 35, 1449, 2949, 40, 2008, 135])]
  [list([41, 1130, 33, 453, 2, 12434, 655])
   list([81, 104, 961, 22, 6794, 25, 45, 223, 58, 28, 404, 22, 2548, 965, 7, 49, 581, 31])]]

 [[list([623, 683, 206, 485])
   list([1179, 309, 646, 883, 832, 208, 1352])]
  [list([762, 1473, 609, 790, 1193, 1483, 446])
   list([512, 235, 235, 633, 588, 1539, 345, 118, 1212, 2174, 227, 592, 864, 215, 934, 1012, 157, 701])]]]
[17708. 47861.  3891.]
Processing vid 0 : ./tchakamau\Density_matchedstyrene\45696_15Vpp_6.avi
T threshold: 75.0
C threshold: 5.0
[[ 4. 10.]
 [10. 17.]]
[[[list([2281, 677, 2723, 535])
   list([4130, 1398, 3893, 1562, 3354, 1078, 2181, 56, 185, 480])]
  [list([1052, 7690, 2095, 1001, 1407, 863, 14133, 1154, 66, 199])
   list([273, 1835, 319, 360, 1064, 246, 287, 2120, 4575, 398, 1232, 234, 106, 132, 1011, 796, 1672])]]

 [[list([1954, 64, 2518, 310])
   list([3596, 1338, 3853, 1504, 3143, 965, 2138, 19, 144, 63])]
  [list([725, 7641, 1723, 587, 900, 789, 12795, 883, 19, 6])
   list([135, 1718, 2, 150, 266, 39, 0, 252, 4002, 1, 1134, 85, 24, 6, 456, 426, 1216])]]

 [[list([327, 613, 205, 225])
   list([534, 60, 40, 58, 211, 113, 43, 37, 41, 417])]
  [list([327, 49, 372, 414, 507, 74, 1338, 271, 47, 193])
   list([138, 117, 317, 210, 798, 207, 287, 1868, 573, 397, 98, 149, 82, 126, 555, 370, 456])]]]
[17708. 47861.  3891.]
Processing vid 0 : ./tchakamau\Density_matchedstyrene\45696_15Vpp_6.avi
T threshold: 75.0
C threshold: 11.11111111111111
[[ 5.  8.]
 [ 8. 15.]]
[[[list([2250, 648, 2756, 426, 495])
   list([4143, 1093, 3987, 1562, 3773, 1190, 2217, 480])]
  [list([990, 7966, 2128, 990, 1407, 411, 14133, 1274])
   list([373, 2170, 360, 944, 533, 2202, 595, 3898, 1239, 220, 134, 430, 1011, 760, 1672])]]

 [[list([1916, 2, 2407, 183, 167])
   list([3564, 952, 3748, 1497, 3101, 938, 2131, 5])]
  [list([600, 7605, 1693, 499, 873, 310, 12773, 876])
   list([127, 1698, 123, 128, 32, 231, 452, 3274, 1106, 50, 3, 328, 449, 365, 1209])]]

 [[list([334, 646, 349, 243, 328])
   list([579, 141, 239, 65, 672, 252, 86, 475])]
  [list([390, 361, 435, 491, 534, 101, 1360, 398])
   list([246, 472, 237, 816, 501, 1971, 143, 624, 133, 170, 131, 102, 562, 395, 463])]]]
[17708. 47861.  3891.]
Processing vid 0 : ./tchakamau\Density_matchedstyrene\45696_15Vpp_6.avi
T threshold: 75.0
C threshold: 17.22222222222222
[[ 4.  8.]
 [ 8. 15.]]
[[[list([2250, 782, 2858, 552])
   list([4158, 311, 3885, 1562, 3797, 1287, 2272, 882])]
  [list([974, 7901, 2776, 990, 1369, 394, 14037, 1249])
   list([395, 2220, 360, 944, 533, 2202, 595, 3936, 1215, 354, 447, 1010, 756, 206, 1440])]]

 [[list([1910, 338, 2275, 177])
   list([3438, 129, 3640, 1491, 3045, 932, 2125, 35])]
  [list([578, 7497, 1687, 423, 676, 268, 12671, 845])
   list([127, 1677, 117, 122, 9, 153, 446, 3268, 1042, 44, 286, 346, 241, 19, 929])]]

 [[list([340, 444, 583, 375])
   list([720, 182, 245, 71, 752, 355, 147, 847])]
  [list([396, 404, 1089, 567, 693, 126, 1366, 404])
   list([268, 543, 243, 822, 524, 2049, 149, 668, 173, 310, 161, 664, 515, 187, 511])]]]
[17708. 47861.  3891.]
Processing vid 0 : ./tchakamau\Density_matchedstyrene\45696_15Vpp_6.avi
T threshold: 75.0
C threshold: 23.333333333333332
[[ 3.  8.]
 [ 8. 15.]]
[[[list([2130, 2858, 552])
   list([4158, 1093, 3907, 1562, 3797, 1287, 2291, 905])]
  [list([1094, 7901, 2746, 847, 1369, 394, 14037, 1249])
   list([401, 2220, 390, 1065, 533, 2202, 595, 3936, 1215, 354, 447, 1010, 737, 206, 1440])]]

 [[list([1784, 2269, 171])
   list([3432, 313, 3634, 1485, 3039, 926, 2119, 29])]
  [list([572, 7491, 1651, 274, 615, 262, 12665, 839])
   list([127, 1671, 111, 94, 3, 147, 440, 3262, 1036, 38, 280, 340, 216, 13, 923])]]

 [[list([346, 589, 381]) list([726, 780, 273, 77, 758, 361, 172, 876])]
  [list([522, 410, 1095, 573, 754, 132, 1372, 410])
   list([274, 549, 279, 971, 530, 2055, 155, 674, 179, 316, 167, 670, 521, 193, 517])]]]
[17708. 47861.  3891.]
Processing vid 0 : ./tchakamau\Density_matchedstyrene\45696_15Vpp_6.avi
T threshold: 75.0
C threshold: 29.444444444444443
[[ 3.  8.]
 [ 8. 14.]]
[[[list([2130, 2660, 552])
   list([4158, 1093, 3907, 2095, 3797, 1287, 2291, 935])]
  [list([1094, 7901, 2944, 788, 1369, 394, 14037, 1249])
   list([407, 2220, 390, 1124, 2202, 595, 3936, 1215, 594, 207, 1010, 737, 206, 1440])]]

 [[list([1778, 2065, 165])
   list([3426, 307, 3628, 1479, 3033, 920, 2113, 23])]
  [list([566, 7485, 1645, 209, 609, 256, 12659, 833])
   list([127, 1665, 75, 88, 141, 434, 3228, 1030, 32, 8, 301, 210, 7, 917])]]

 [[list([352, 595, 387]) list([732, 786, 279, 616, 764, 367, 178, 912])]
  [list([528, 416, 1299, 579, 760, 138, 1378, 416])
   list([280, 555, 315, 1036, 2061, 161, 708, 185, 562, 199, 709, 527, 199, 523])]]]
[17708. 47861.  3891.]
Processing vid 0 : ./tchakamau\Density_matchedstyrene\45696_15Vpp_6.avi
T threshold: 75.0
C threshold: 35.55555555555556
[[ 3.  8.]
 [ 8. 15.]]
[[[list([2130, 2716, 552])
   list([4158, 1093, 3851, 2095, 3832, 1287, 2229, 935])]
  [list([599, 7853, 2944, 788, 1369, 394, 14060, 1249])
   list([413, 495, 2268, 390, 1124, 2202, 631, 3900, 1180, 594, 207, 1049, 737, 264, 1382])]]

 [[list([1772, 2059, 159])
   list([3420, 200, 3566, 1473, 3027, 914, 2045, 17])]
  [list([65, 7431, 1639, 203, 603, 250, 12614, 827])
   list([127, 284, 1659, 69, 82, 135, 428, 3186, 989, 26, 2, 295, 204, 1, 853])]]

 [[list([358, 657, 393]) list([738, 893, 285, 622, 805, 373, 184, 918])]
  [list([534, 422, 1305, 585, 766, 144, 1446, 422])
   list([286, 211, 609, 321, 1042, 2067, 203, 714, 191, 568, 205, 754, 533, 263, 529])]]]
[17708. 47861.  3891.]
Processing vid 0 : ./tchakamau\Density_matchedstyrene\45696_15Vpp_6.avi
T threshold: 75.0
C threshold: 41.666666666666664
[[ 3.  8.]
 [ 8. 13.]]
[[[list([1926, 2716, 552])
   list([4491, 1093, 3851, 2095, 3832, 1287, 2216, 935])]
  [list([803, 7853, 2944, 642, 1328, 394, 14073, 1101])
   list([575, 339, 1935, 390, 1270, 2202, 631, 3941, 1180, 801, 1049, 1001, 1530])]]

 [[list([1562, 2053, 153])
   list([3414, 59, 3560, 1467, 3021, 908, 2026, 11])]
  [list([59, 7425, 1633, 51, 556, 244, 12608, 673])
   list([127, 122, 1320, 63, 76, 129, 422, 3180, 983, 20, 289, 67, 847])]]

 [[list([364, 663, 399])
   list([1077, 1034, 291, 628, 811, 379, 190, 924])]
  [list([744, 428, 1311, 591, 772, 150, 1465, 428])
   list([448, 217, 615, 327, 1194, 2073, 209, 761, 197, 781, 760, 934, 683])]]]
[17708. 47861.  3891.]
Processing vid 0 : ./tchakamau\Density_matchedstyrene\45696_15Vpp_6.avi
T threshold: 75.0
C threshold: 47.77777777777777
[[ 3.  8.]
 [ 8. 13.]]
[[[list([1926, 2718, 552])
   list([4575, 1047, 3849, 2095, 3832, 1551, 2216, 935])]
  [list([803, 7899, 2944, 642, 1328, 164, 13995, 1101])
   list([581, 339, 1851, 390, 1270, 2202, 631, 3941, 1180, 1031, 863, 1001, 1530])]]

 [[list([1556, 2047, 147])
   list([3408, 7, 3552, 1461, 3015, 731, 2020, 5])]
  [list([53, 7419, 1483, 45, 550, 8, 12524, 667])
   list([81, 116, 1230, 57, 70, 123, 416, 3174, 977, 14, 19, 61, 841])]]

 [[list([370, 671, 405])
   list([1167, 1040, 297, 634, 817, 820, 196, 930])]
  [list([750, 480, 1461, 597, 778, 156, 1471, 434])
   list([500, 223, 621, 333, 1200, 2079, 215, 767, 203, 1017, 844, 940, 689])]]]
[17708. 47861.  3891.]
Processing vid 0 : ./tchakamau\Density_matchedstyrene\45696_15Vpp_6.avi
T threshold: 75.0
C threshold: 53.888888888888886
[[ 2.  8.]
 [ 8. 14.]]
[[[list([2167, 2718])
   list([4334, 1047, 3849, 2095, 3832, 1551, 2216, 1487])]
  [list([803, 592, 2944, 642, 1328, 164, 13917, 1101])
   list([587, 339, 1851, 7307, 390, 1270, 2202, 631, 3941, 1180, 1031, 941, 1061, 1470])]]

 [[list([1550, 2041]) list([3161, 1, 3546, 1455, 2955, 725, 2014, 141])]
  [list([47, 106, 1477, 39, 544, 2, 12440, 661])
   list([81, 110, 1224, 6800, 51, 64, 117, 410, 3168, 971, 8, 13, 55, 775])]]

 [[list([617, 677]) list([1173, 1046, 303, 640, 877, 826, 202, 1346])]
  [list([756, 486, 1467, 603, 784, 162, 1477, 440])
   list([506, 229, 627, 507, 339, 1206, 2085, 221, 773, 209, 1023, 928, 1006, 695])]]]
[17708. 47861.  3891.]
Processing vid 0 : ./tchakamau\Density_matchedstyrene\45696_15Vpp_6.avi
T threshold: 75.0
C threshold: 60.0
[[ 2.  7.]
 [ 7. 14.]]
[[[list([2167, 2718]) list([4334, 3849, 2095, 3832, 1551, 2216, 1487])]
  [list([803, 2944, 642, 1243, 1195, 13917, 1101])
   list([593, 339, 1851, 7382, 1564, 390, 1270, 2202, 631, 4026, 1180, 941, 1061, 1470])]]

 [[list([1544, 2035]) list([3155, 3540, 1449, 2949, 719, 2008, 135])]
  [list([41, 1471, 33, 453, 2, 12434, 655])
   list([81, 104, 1218, 6794, 25, 45, 58, 28, 404, 3162, 965, 7, 49, 769])]]

 [[list([623, 683]) list([1179, 309, 646, 883, 832, 208, 1352])]
  [list([762, 1473, 609, 790, 1193, 1483, 446])
   list([512, 235, 633, 588, 1539, 345, 1212, 2174, 227, 864, 215, 934, 1012, 701])]]]
[17708. 47861.  3891.]
Processing vid 0 : ./tchakamau\Density_matchedstyrene\45696_15Vpp_6.avi
T threshold: 100.0
C threshold: 5.0
[[ 4. 10.]
 [10. 15.]]
[[[list([2281, 677, 2723, 535])
   list([4130, 1398, 3893, 1562, 3354, 1078, 2181, 56, 185, 480])]
  [list([1052, 7690, 2095, 1001, 1407, 969, 14133, 1154, 66, 199])
   list([273, 1835, 319, 360, 1064, 246, 287, 2120, 4575, 398, 1466, 132, 1011, 796, 1672])]]

 [[list([1954, 64, 2518, 310])
   list([3596, 1338, 3853, 1504, 3143, 965, 2138, 19, 144, 63])]
  [list([725, 7641, 1723, 587, 900, 895, 12795, 883, 19, 6])
   list([135, 1718, 2, 150, 266, 39, 0, 252, 4002, 1, 1317, 6, 456, 426, 1216])]]

 [[list([327, 613, 205, 225])
   list([534, 60, 40, 58, 211, 113, 43, 37, 41, 417])]
  [list([327, 49, 372, 414, 507, 74, 1338, 271, 47, 193])
   list([138, 117, 317, 210, 798, 207, 287, 1868, 573, 397, 149, 126, 555, 370, 456])]]]
[17708. 47861.  3891.]
Processing vid 0 : ./tchakamau\Density_matchedstyrene\45696_15Vpp_6.avi
T threshold: 100.0
C threshold: 11.11111111111111
[[ 4.  8.]
 [ 8. 11.]]
[[[list([2250, 648, 2756, 426])
   list([4143, 1093, 3987, 1562, 3773, 1190, 2217, 975])]
  [list([990, 7966, 2128, 990, 1407, 975, 14133, 1274])
   list([373, 2170, 360, 944, 533, 2202, 4493, 1459, 1011, 760, 1672])]]

 [[list([1916, 2, 2407, 183])
   list([3564, 952, 3748, 1497, 3101, 938, 2131, 500])]
  [list([600, 7605, 1693, 499, 873, 874, 12773, 876])
   list([127, 1698, 123, 128, 32, 231, 3869, 1289, 449, 365, 1209])]]

 [[list([334, 646, 349, 243])
   list([579, 141, 239, 65, 672, 252, 86, 475])]
  [list([390, 361, 435, 491, 534, 101, 1360, 398])
   list([246, 472, 237, 816, 501, 1971, 624, 170, 562, 395, 463])]]]
[17708. 47861.  3891.]
Processing vid 0 : ./tchakamau\Density_matchedstyrene\45696_15Vpp_6.avi
T threshold: 100.0
C threshold: 17.22222222222222
[[ 4.  8.]
 [ 8. 12.]]
[[[list([2250, 782, 2858, 552])
   list([4158, 311, 3885, 1562, 3797, 1287, 2272, 882])]
  [list([974, 7901, 2776, 990, 1369, 841, 14037, 1249])
   list([395, 2220, 360, 944, 533, 2202, 4531, 1215, 354, 1010, 756, 1646])]]

 [[list([1910, 338, 2275, 177])
   list([3438, 129, 3640, 1491, 3045, 932, 2125, 35])]
  [list([578, 7497, 1687, 423, 676, 715, 12671, 845])
   list([127, 1677, 117, 122, 9, 153, 3863, 1042, 44, 346, 241, 1135])]]

 [[list([340, 444, 583, 375])
   list([720, 182, 245, 71, 752, 355, 147, 847])]
  [list([396, 404, 1089, 567, 693, 126, 1366, 404])
   list([268, 543, 243, 822, 524, 2049, 668, 173, 310, 664, 515, 511])]]]
[17708. 47861.  3891.]
Processing vid 0 : ./tchakamau\Density_matchedstyrene\45696_15Vpp_6.avi
T threshold: 100.0
C threshold: 23.333333333333332
[[ 3.  8.]
 [ 8. 12.]]
[[[list([2130, 2858, 552])
   list([4158, 1093, 3907, 1562, 3797, 1287, 2291, 905])]
  [list([1094, 7901, 2746, 847, 1369, 841, 14037, 1249])
   list([401, 2220, 390, 1065, 533, 2202, 4531, 1215, 354, 1010, 737, 1646])]]

 [[list([1784, 2269, 171])
   list([3432, 313, 3634, 1485, 3039, 926, 2119, 29])]
  [list([572, 7491, 1651, 274, 615, 709, 12665, 839])
   list([127, 1671, 111, 94, 3, 147, 3857, 1036, 38, 340, 216, 1129])]]

 [[list([346, 589, 381]) list([726, 780, 273, 77, 758, 361, 172, 876])]
  [list([522, 410, 1095, 573, 754, 132, 1372, 410])
   list([274, 549, 279, 971, 530, 2055, 674, 179, 316, 670, 521, 517])]]]
[17708. 47861.  3891.]
Processing vid 0 : ./tchakamau\Density_matchedstyrene\45696_15Vpp_6.avi
T threshold: 100.0
C threshold: 29.444444444444443
[[ 3.  8.]
 [ 8. 11.]]
[[[list([2130, 2660, 552])
   list([4158, 1093, 3907, 2095, 3797, 1287, 2291, 935])]
  [list([1094, 7901, 2944, 788, 1369, 601, 14037, 1249])
   list([407, 2220, 390, 1124, 2202, 4531, 1215, 594, 1010, 737, 1646])]]

 [[list([1778, 2065, 165])
   list([3426, 307, 3628, 1479, 3033, 920, 2113, 23])]
  [list([566, 7485, 1645, 209, 609, 463, 12659, 833])
   list([127, 1665, 75, 88, 141, 3823, 1030, 32, 301, 210, 1123])]]

 [[list([352, 595, 387]) list([732, 786, 279, 616, 764, 367, 178, 912])]
  [list([528, 416, 1299, 579, 760, 138, 1378, 416])
   list([280, 555, 315, 1036, 2061, 708, 185, 562, 709, 527, 523])]]]
[17708. 47861.  3891.]
Processing vid 0 : ./tchakamau\Density_matchedstyrene\45696_15Vpp_6.avi
T threshold: 100.0
C threshold: 35.55555555555556
[[ 3.  8.]
 [ 8. 11.]]
[[[list([2130, 2716, 552])
   list([4158, 1093, 3851, 2095, 3832, 1287, 2229, 935])]
  [list([1094, 7853, 2944, 788, 1369, 601, 14060, 1249])
   list([413, 2268, 390, 1124, 2202, 4531, 1180, 594, 1049, 737, 1646])]]

 [[list([1772, 2059, 159])
   list([3420, 200, 3566, 1473, 3027, 914, 2045, 17])]
  [list([560, 7431, 1639, 203, 603, 457, 12614, 827])
   list([127, 1659, 69, 82, 135, 3817, 989, 26, 295, 204, 1117])]]

 [[list([358, 657, 393]) list([738, 893, 285, 622, 805, 373, 184, 918])]
  [list([534, 422, 1305, 585, 766, 144, 1446, 422])
   list([286, 609, 321, 1042, 2067, 714, 191, 568, 754, 533, 529])]]]
[17708. 47861.  3891.]
Processing vid 0 : ./tchakamau\Density_matchedstyrene\45696_15Vpp_6.avi
T threshold: 100.0
C threshold: 41.666666666666664
[[ 3.  8.]
 [ 8. 11.]]
[[[list([1926, 2716, 552])
   list([4491, 1093, 3851, 2095, 3832, 1287, 2216, 935])]
  [list([1142, 7853, 2944, 642, 1328, 394, 14073, 1101])
   list([575, 1935, 390, 1270, 2202, 4572, 1180, 801, 1049, 1001, 1530])]]

 [[list([1562, 2053, 153])
   list([3414, 59, 3560, 1467, 3021, 908, 2026, 11])]
  [list([398, 7425, 1633, 51, 556, 244, 12608, 673])
   list([127, 1320, 63, 76, 129, 3811, 983, 20, 289, 67, 847])]]

 [[list([364, 663, 399])
   list([1077, 1034, 291, 628, 811, 379, 190, 924])]
  [list([744, 428, 1311, 591, 772, 150, 1465, 428])
   list([448, 615, 327, 1194, 2073, 761, 197, 781, 760, 934, 683])]]]
[17708. 47861.  3891.]
Processing vid 0 : ./tchakamau\Density_matchedstyrene\45696_15Vpp_6.avi
T threshold: 100.0
C threshold: 47.77777777777777
[[ 3.  8.]
 [ 8. 11.]]
[[[list([1926, 2718, 552])
   list([4575, 1047, 3849, 2095, 3832, 1551, 2216, 935])]
  [list([1142, 7899, 2944, 642, 1328, 164, 13995, 1101])
   list([581, 1851, 390, 1270, 2202, 4572, 1180, 1031, 863, 1001, 1530])]]

 [[list([1556, 2047, 147])
   list([3408, 7, 3552, 1461, 3015, 731, 2020, 5])]
  [list([392, 7419, 1483, 45, 550, 8, 12524, 667])
   list([81, 1230, 57, 70, 123, 3805, 977, 14, 19, 61, 841])]]

 [[list([370, 671, 405])
   list([1167, 1040, 297, 634, 817, 820, 196, 930])]
  [list([750, 480, 1461, 597, 778, 156, 1471, 434])
   list([500, 621, 333, 1200, 2079, 767, 203, 1017, 844, 940, 689])]]]
[17708. 47861.  3891.]
Processing vid 0 : ./tchakamau\Density_matchedstyrene\45696_15Vpp_6.avi
T threshold: 100.0
C threshold: 53.888888888888886
[[ 2.  8.]
 [ 8. 11.]]
[[[list([2167, 2718])
   list([4334, 1047, 3849, 2095, 3832, 1551, 2216, 1487])]
  [list([1142, 7899, 2944, 642, 1328, 164, 13917, 1101])
   list([587, 1851, 390, 1270, 2202, 4572, 1180, 1031, 941, 1061, 1470])]]

 [[list([1550, 2041]) list([3161, 1, 3546, 1455, 2955, 725, 2014, 141])]
  [list([386, 7413, 1477, 39, 544, 2, 12440, 661])
   list([81, 1224, 51, 64, 117, 3799, 971, 8, 13, 55, 775])]]

 [[list([617, 677]) list([1173, 1046, 303, 640, 877, 826, 202, 1346])]
  [list([756, 486, 1467, 603, 784, 162, 1477, 440])
   list([506, 627, 339, 1206, 2085, 773, 209, 1023, 928, 1006, 695])]]]
[17708. 47861.  3891.]
Processing vid 0 : ./tchakamau\Density_matchedstyrene\45696_15Vpp_6.avi