Processing vid 0 : ./tchakamau\Washed15vhalf\45657_15Vpp_101_a.avi
T threshold: 35.0
C threshold: 20
[[0. 0. 1.]
 [0. 0. 0.]
 [0. 0. 5.]]
[[[   0.    0. 3755.]
  [   0.    0.    0.]
  [   0.    0. 3374.]]

 [[   0.    0. 2794.]
  [   0.    0.    0.]
  [   0.    0. 2118.]]

 [[   0.    0.  961.]
  [   0.    0.    0.]
  [   0.    0. 1256.]]]
[2634.   26. 2427. 2087.]
Processing vid 1 : ./tchakamau\Washed15vhalf\45662_15Vpp_111_a.avi
T threshold: 35.0
C threshold: 20
[[ 5.  0.  3.]
 [ 0.  0.  0.]
 [ 3.  0. 12.]]
[[[ 3040.     0.  2780.]
  [    0.     0.     0.]
  [ 3023.     0. 11618.]]

 [[  582.     0.   520.]
  [    0.     0.     0.]
  [ 2776.     0.  9248.]]

 [[ 2458.     0.  2260.]
  [    0.     0.     0.]
  [  247.     0.  2370.]]]
[1.7030e+03 5.0000e+00 1.3243e+04 6.8080e+03]
Processing vid 2 : ./tchakamau\Washed15vhalf\45686_15Vpp_131_pushed_a.avi
T threshold: 35.0
C threshold: 20
[[2. 0. 0.]
 [0. 0. 0.]
 [0. 0. 0.]]
[[[1217.    0.    0.]
  [   0.    0.    0.]
  [   0.    0.    0.]]

 [[ 169.    0.    0.]
  [   0.    0.    0.]
  [   0.    0.    0.]]

 [[1048.    0.    0.]
  [   0.    0.    0.]
  [   0.    0.    0.]]]
[8148.    0.   95. 3355.]
Processing vid 3 : ./tchakamau\Washed15vhalf\45693_15Vpp_121_a.avi
T threshold: 35.0
C threshold: 20
[[ 0.  0.  0.]
 [ 0.  1.  0.]
 [ 0.  1. 16.]]
[[[   0.    0.    0.]
  [   0. 1182.    0.]
  [   0.  691. 7713.]]

 [[   0.    0.    0.]
  [   0. 1038.    0.]
  [   0.  148. 3022.]]

 [[   0.    0.    0.]
  [   0.  144.    0.]
  [   0.  543. 4691.]]]
[  18. 2775. 6423. 2286.]
Processing vid 4 : ./tchakamau\Washed15vhalf\45706_15Vpp_71_a.avi
T threshold: 35.0
C threshold: 20
[[ 2.  0.  5.]
 [ 1.  1.  1.]
 [ 4.  2. 10.]]
[[[1.346e+03 0.000e+00 1.645e+03]
  [9.600e+01 4.900e+02 8.400e+01]
  [1.618e+03 4.000e+02 3.760e+03]]  

 [[5.430e+02 0.000e+00 5.080e+02]
  [7.000e+00 3.890e+02 1.000e+00]
  [7.410e+02 1.110e+02 1.709e+03]]

 [[8.030e+02 0.000e+00 1.137e+03]
  [8.900e+01 1.010e+02 8.300e+01]
  [8.770e+02 2.890e+02 2.051e+03]]]
[3128.  482. 3773. 3887.]
Processing vid 5 : ./tchakamau\Washed15vhalf\45706_15Vpp_72_ba.avi
T threshold: 35.0
C threshold: 20
[[ 8.  0. 17.]
 [ 0.  0.  1.]
 [17.  1. 20.]]
[[[4923.    0. 4842.]
  [   0.    0.  205.]
  [5465.  108. 8685.]]

 [[2376.    0. 1045.]
  [   0.    0.  106.]
  [1714.   31. 4202.]]

 [[2547.    0. 3797.]
  [   0.    0.   99.]
  [3751.   77. 4483.]]]
[ 5092.   252.  8825. 14336.]
Processing vid 6 : ./tchakamau\Washed15vhalf\45734_15Vpp_8.avi
T threshold: 35.0
C threshold: 20
[[ 5.  0.  3.]
 [ 0.  0.  0.]
 [ 3.  0. 10.]]
[[[6572.    0. 2229.]
  [   0.    0.    0.]
  [2460.    0. 3547.]]

 [[4397.    0. 1006.]
  [   0.    0.    0.]
  [ 922.    0.  914.]]

 [[2175.    0. 1223.]
  [   0.    0.    0.]
  [1538.    0. 2633.]]]
[5.697e+03 4.000e+00 3.273e+03 1.059e+04]
Processing vid 7 : ./tchakamau\Washed15vhalf\45755_15Vpp_141_a.avi
T threshold: 35.0
C threshold: 20
[[3. 0. 3.]
 [0. 2. 2.]
 [4. 1. 1.]]
[[[3004.    0.  735.]
  [   0.  334. 2214.]
  [1443.  102. 1250.]]

 [[2090.    0.  540.]
  [   0.   92.  785.]
  [ 976.   45.  950.]]

 [[ 914.    0.  195.]
  [   0.  242. 1429.]
  [ 467.   57.  300.]]]
[3004. 1079. 2502. 2661.]
Processing vid 8 : ./tchakamau\Washed15vhalf\45782_15Vpp_21_a.avi
T threshold: 35.0
C threshold: 20
[[3. 0. 3.]
 [0. 0. 2.]
 [3. 2. 9.]]
[[[2858.    0. 1096.]
  [   0.    0.  398.]
  [1704.  520. 4567.]]

 [[1505.    0.  651.]
  [   0.    0.   29.]
  [ 233.  183. 2596.]]

 [[1353.    0.  445.]
  [   0.    0.  369.]
  [1471.  337. 1971.]]]
[2688.  199. 3644. 4854.]
Processing vid 9 : ./tchakamau\Washed15vhalf\45782_15Vpp_22_ba.avi
T threshold: 35.0
C threshold: 20
[[3. 0. 3.]
 [0. 0. 0.]
 [4. 0. 8.]]
[[[4377.    0. 1402.]
  [   0.    0.    0.]
  [4332.    0. 1431.]]

 [[3730.    0.  321.]
  [   0.    0.    0.]
  [ 715.    0.  316.]]

 [[ 647.    0. 1081.]
  [   0.    0.    0.]
  [3617.    0. 1115.]]]
[4.127e+03 3.000e+00 1.913e+03 5.576e+03]
Processing vid 10 : ./tchakamau\Washed15vhalf\45782_15Vpp_31_a.avi
T threshold: 35.0
C threshold: 20
[[0. 0. 1.]
 [0. 0. 0.]
 [1. 0. 5.]]
[[[   0.    0.  954.]
  [   0.    0.    0.]
  [ 704.    0. 2135.]]

 [[   0.    0.   44.]
  [   0.    0.    0.]
  [  97.    0.  954.]]

 [[   0.    0.  910.]
  [   0.    0.    0.]
  [ 607.    0. 1181.]]]
[ 117.   21. 2011. 1880.]
Processing vid 11 : ./tchakamau\Washed15vhalf\45782_15Vpp_32_ba.avi
T threshold: 35.0
C threshold: 20
[[2. 0. 1.]
 [0. 0. 0.]
 [0. 0. 5.]]
[[[ 863.    0. 2350.]
  [   0.    0.    0.]
  [   0.    0. 2299.]]

 [[ 243.    0.  546.]
  [   0.    0.    0.]
  [   0.    0. 1718.]]

 [[ 620.    0. 1804.]
  [   0.    0.    0.]
  [   0.    0.  581.]]]
[8.630e+02 2.000e+00 2.146e+03 2.697e+03]
Processing vid 12 : ./tchakamau\Washed15vhalf\45782_15Vpp_33_ca.avi
T threshold: 35.0
C threshold: 20
[[5. 0. 0.]
 [0. 0. 0.]
 [0. 0. 0.]]
[[[7306.    0.    0.]
  [   0.    0.    0.]
  [   0.    0.    0.]]

 [[5169.    0.    0.]
  [   0.    0.    0.]
  [   0.    0.    0.]]

 [[2137.    0.    0.]
  [   0.    0.    0.]
  [   0.    0.    0.]]]
[5.145e+03 1.000e+00 9.000e+01 4.838e+03]
Processing vid 13 : ./tchakamau\Washed15vhalf\45782_15Vpp_4.avi
T threshold: 35.0
C threshold: 20
[[4. 0. 6.]
 [0. 0. 0.]
 [5. 0. 8.]]
[[[1570.    0. 5888.]
  [   0.    0.    0.]
  [2196.    0. 2514.]]

 [[ 906.    0. 2738.]
  [   0.    0.    0.]
  [ 801.    0.  458.]]

 [[ 664.    0. 3150.]
  [   0.    0.    0.]
  [1395.    0. 2056.]]]
[ 4128.    13.  2752. 11443.]
Processing vid 0 : ./tchakamau\Washed15vhalf\45657_15Vpp_101_a.avi
T threshold: 35.0
C threshold: 30
[[0. 0. 1.]
 [0. 0. 0.]
 [0. 0. 7.]]
[[[   0.    0. 3765.]
  [   0.    0.    0.]
  [   0.    0. 3374.]]

 [[   0.    0. 2794.]
  [   0.    0.    0.]
  [   0.    0. 1429.]]

 [[   0.    0.  971.]
  [   0.    0.    0.]
  [   0.    0. 1945.]]]
[2634.   26. 2427. 2087.]