Number files:  11
Processing vid 0 : ./tchakamau\Density_matchedstyrene\45691_15Vpp_0.avi
T threshold: 30.0
C threshold: 20
[[ 0.  2.]
 [ 2. 10.]]
[[[list([]) list([1221, 1914])]
  [list([4722, 10421])
   list([5349, 337, 4651, 1447, 3712, 14180, 2103, 838, 1248, 8234])]]

 [[list([]) list([871, 443])]
  [list([3593, 9117])
   list([5241, 278, 4536, 1351, 3601, 12983, 774, 766, 96, 8098])]]

 [[list([]) list([350, 1471])]
  [list([1129, 1304])
   list([108, 59, 115, 96, 111, 1197, 1329, 72, 1152, 136])]]]
[  952. 49736.  9528.]
Processing vid 1 : ./tchakamau\Density_matchedstyrene\45696_15Vpp_1.avi
T threshold: 30.0
C threshold: 20
[[ 3.  0.]
 [ 1. 81.]]
[[[list([264, 2238, 1823]) list([])]
  [list([134])
   list([307, 732, 183, 146, 122, 107, 186, 92, 111, 170, 190, 193, 86, 131, 208, 179, 199, 196, 88, 89, 193, 248, 353, 221, 701, 193, 406, 132, 278, 196, 273, 144, 260, 811, 104, 105, 116, 134, 212, 222, 139, 98, 251, 192, 135, 85, 253, 125, 314, 248, 127, 224, 323, 189, 160, 972, 291, 143, 195, 113, 507, 359, 125, 90, 92, 276, 102, 186, 88, 114, 126, 120, 109, 95, 94, 112, 111, 112, 112, 111, 114])]]

 [[list([11, 73, 728]) list([])]
  [list([31])
   list([0, 540, 41, 26, 17, 10, 111, 11, 25, 94, 104, 105, 10, 36, 115, 102, 111, 105, 7, 15, 111, 171, 153, 86, 570, 5, 78, 7, 8, 69, 6, 8, 201, 739, 15, 9, 10, 14, 7, 42, 47, 23, 80, 100, 46, 1, 84, 2, 0, 0, 2, 135, 0, 0, 0, 41, 167, 82, 1, 7, 427, 0, 0, 2, 2, 91, 2, 63, 1, 9, 14, 14, 34, 8, 17, 25, 34, 28, 34, 24, 39])]]

 [[list([253, 2165, 1095]) list([])]
  [list([103])
   list([307, 192, 142, 120, 105, 97, 75, 81, 86, 76, 86, 88, 76, 95, 93, 77, 88, 91, 81, 74, 82, 77, 200, 135, 131, 188, 328, 125, 270, 127, 267, 136, 59, 72, 89, 96, 106, 120, 205, 180, 92, 75, 171, 92, 89, 84, 169, 123, 314, 248, 125, 89, 323, 189, 160, 931, 124, 61, 194, 106, 80, 359, 125, 88, 90, 185, 100, 123, 87, 105, 112, 106, 75, 87, 77, 87, 77, 84, 78, 87, 75])]]]
[  994. 10728.   320.]
Processing vid 2 : ./tchakamau\Density_matchedstyrene\45696_15Vpp_2.avi
T threshold: 30.0
C threshold: 20
[[ 1.  1.]
 [ 2. 20.]]
[[[list([2860]) list([2584])]
  [list([1223, 1451])
   list([173, 601, 283, 287, 1400, 174, 1128, 1759, 477, 2075, 253, 320, 1575, 482, 268, 157, 209, 345, 1991, 1255])]]

 [[list([2750]) list([217])]
  [list([0, 41])
   list([0, 43, 5, 46, 26, 34, 32, 58, 153, 1213, 21, 176, 86, 297, 86, 77, 2, 229, 80, 347])]]

 [[list([110]) list([2367])]
  [list([1223, 1410])
   list([173, 558, 278, 241, 1374, 140, 1096, 1701, 324, 862, 232, 144, 1489, 185, 182, 80, 207, 116, 1911, 908])]]]
[2581. 4955.  497.]
Processing vid 3 : ./tchakamau\Density_matchedstyrene\45696_15Vpp_3_dance.avi
T threshold: 30.0
C threshold: 20
[[ 0.  0.]
 [ 0. 30.]]
[[[list([]) list([])]
  [list([])
   list([900, 593, 337, 167, 146, 83, 114, 93, 127, 121, 180, 191, 87, 250, 499, 87, 200, 123, 2108, 204, 241, 2302, 299, 208, 292, 141, 450, 305, 3795, 77])]]

 [[list([]) list([])]
  [list([])
   list([0, 2, 224, 52, 40, 13, 30, 17, 30, 16, 40, 84, 16, 192, 418, 23, 130, 39, 5, 84, 137, 0, 100, 92, 184, 46, 136, 131, 0, 2])]]

 [[list([]) list([])]
  [list([])
   list([900, 591, 113, 115, 106, 70, 84, 76, 97, 105, 140, 107, 71, 58, 81, 64, 70, 84, 2103, 120, 104, 2302, 199, 116, 108, 95, 314, 174, 3795, 75])]]]
[  14. 3979.   20.]
Processing vid 4 : ./tchakamau\Density_matchedstyrene\45696_15Vpp_4.avi
T threshold: 30.0
C threshold: 20
[[10.  8.]
 [ 8. 16.]]
[[[list([1984, 70, 162, 254, 378, 284, 327, 278, 3358, 1908])
   list([6578, 657, 508, 126, 5284, 513, 504, 4494])]
  [list([301, 574, 296, 676, 1832, 225, 734, 2846])
   list([638, 2286, 355, 130, 306, 334, 391, 151, 142, 619, 136, 186, 144, 1664, 228, 1200])]]

 [[list([1818, 3, 52, 133, 273, 132, 112, 72, 2939, 958])
   list([6396, 401, 321, 52, 3774, 219, 236, 3875])]
  [list([18, 456, 128, 210, 778, 22, 149, 2497])
   list([501, 1870, 227, 9, 201, 21, 226, 99, 49, 540, 12, 9, 25, 1605, 68, 32])]]

 [[list([166, 67, 110, 121, 105, 152, 215, 206, 419, 950])
   list([182, 256, 187, 74, 1510, 294, 268, 619])]
  [list([283, 118, 168, 466, 1054, 203, 585, 349])
   list([137, 416, 128, 121, 105, 313, 165, 52, 93, 79, 124, 177, 119, 59, 160, 1168])]]]
[19547. 10598.  4132.]
Processing vid 5 : ./tchakamau\Density_matchedstyrene\45696_15Vpp_5.avi
T threshold: 30.0
C threshold: 20
[[ 1.  3.]
 [ 3. 14.]]
[[[list([248]) list([1940, 1198, 1293])]
  [list([222, 932, 783])
   list([1657, 7126, 1107, 489, 1525, 6713, 512, 185, 1087, 5160, 491, 614, 561, 176])]]

 [[list([171]) list([196, 756, 1178])]
  [list([135, 844, 720])
   list([1539, 7038, 890, 365, 11, 6608, 367, 4, 41, 4936, 124, 221, 501, 17])]]

 [[list([77]) list([1744, 442, 115])]
  [list([87, 88, 63])
   list([118, 88, 217, 124, 1514, 105, 145, 181, 1046, 224, 367, 393, 60, 159])]]]
[ 1680. 23726.   669.]
Processing vid 6 : ./tchakamau\Density_matchedstyrene\45696_15Vpp_6.avi
T threshold: 30.0
C threshold: 20
[[ 5.  8.]
 [ 8. 27.]]
[[[list([2250, 782, 2858, 3563, 552])
   list([4158, 311, 322, 1562, 3797, 1287, 2291, 882])]
  [list([479, 789, 1283, 990, 1369, 224, 14037, 1249])
   list([397, 495, 333, 1280, 607, 7112, 390, 341, 455, 667, 944, 533, 2202, 595, 487, 3449, 1215, 354, 240, 207, 170, 1010, 173, 564, 206, 856, 584])]]

 [[list([1908, 317, 2273, 3496, 175])
   list([3436, 127, 75, 1489, 3043, 930, 2123, 33])]
  [list([81, 383, 192, 421, 674, 96, 12669, 843])
   list([127, 419, 90, 1085, 62, 7031, 115, 263, 380, 615, 120, 7, 151, 444, 294, 2779, 1040, 42, 41, 44, 22, 344, 89, 47, 17, 739, 71])]]

 [[list([342, 465, 585, 67, 377])
   list([722, 184, 247, 73, 754, 357, 168, 849])]
  [list([398, 406, 1091, 569, 695, 128, 1368, 406])
   list([270, 76, 243, 195, 545, 81, 275, 78, 75, 52, 824, 526, 2051, 151, 193, 670, 175, 312, 199, 163, 148, 666, 84, 517, 189, 117, 513])]]]
[17708. 47861.  3891.]
Processing vid 7 : ./tchakamau\Density_matchedstyrene\45696_15Vpp_7.avi
T threshold: 30.0
C threshold: 20
[[3. 3.]
 [3. 5.]]
[[[list([1470, 401, 1024]) list([1326, 7170, 3020])]
  [list([1075, 168, 1534]) list([1716, 716, 1032, 1452, 1296])]]

 [[list([399, 265, 102]) list([102, 6713, 534])]
  [list([799, 104, 1444]) list([123, 291, 131, 1187, 3])]]

 [[list([1071, 136, 922]) list([1224, 457, 2486])]
  [list([276, 64, 90]) list([1593, 425, 901, 265, 1293])]]]
[ 6055. 11742.  2426.]
Processing vid 8 : ./tchakamau\Density_matchedstyrene\45696_15Vpp_8.avi
T threshold: 30.0
C threshold: 20
[[0. 0.]
 [0. 7.]]
[[[list([]) list([])]
  [list([]) list([4660, 191, 1239, 2230, 1052, 507, 2510])]]

 [[list([]) list([])]
  [list([]) list([3941, 115, 7, 1477, 301, 54, 1359])]]

 [[list([]) list([])]
  [list([]) list([719, 76, 1232, 753, 751, 453, 1151])]]]
[    0. 12805.     0.]
Processing vid 9 : ./tchakamau\Density_matchedstyrene\45696_15Vpp_9.avi
T threshold: 30.0
C threshold: 20
[[0. 0.]
 [0. 6.]]
[[[list([]) list([])]
  [list([]) list([1146, 409, 216, 361, 430, 2609])]]

 [[list([]) list([])]
  [list([]) list([1026, 338, 57, 71, 44, 1571])]]

 [[list([]) list([])]
  [list([]) list([120, 71, 159, 290, 386, 1038])]]]
[0.0000e+00 1.8636e+04 4.0000e+00]
Processing vid 0 : ./tchakamau\Density_matchedstyrene\45691_15Vpp_0.avi
T threshold: 60.0
C threshold: 20
[[0. 2.]
 [2. 5.]]
[[[list([]) list([1221, 1914])]
  [list([4722, 10758]) list([5349, 9810, 14180, 2103, 2086])]]

 [[list([]) list([871, 443])]
  [list([3593, 9454]) list([5241, 9699, 12983, 774, 934])]]

 [[list([]) list([350, 1471])]
  [list([1129, 1304]) list([108, 111, 1197, 1329, 1152])]]]
[  952. 49736.  9528.]
Processing vid 1 : ./tchakamau\Density_matchedstyrene\45696_15Vpp_1.avi
T threshold: 60.0
C threshold: 20
[[ 3.  0.]
 [ 1. 22.]]
[[[list([264, 2238, 1823]) list([])]
  [list([1840])
   list([307, 732, 183, 3287, 1115, 406, 410, 469, 1674, 212, 222, 488, 665, 439, 248, 674, 189, 160, 972, 629, 979, 583])]]

 [[list([11, 73, 728]) list([])]
  [list([1737])
   list([0, 540, 41, 3087, 927, 78, 140, 202, 1554, 7, 42, 317, 496, 125, 0, 351, 0, 0, 41, 435, 620, 398])]]

 [[list([253, 2165, 1095]) list([])]
  [list([103])
   list([307, 192, 142, 200, 188, 328, 270, 267, 120, 205, 180, 171, 169, 314, 248, 323, 189, 160, 931, 194, 359, 185])]]]
[  994. 10728.   320.]
Processing vid 2 : ./tchakamau\Density_matchedstyrene\45696_15Vpp_2.avi
T threshold: 60.0
C threshold: 20
[[ 0.  1.]
 [ 2. 16.]]
[[[list([]) list([2584])]
  [list([1380, 1451])
   list([173, 601, 283, 287, 1400, 174, 1128, 1759, 477, 2075, 253, 1895, 482, 268, 2545, 1255])]]

 [[list([]) list([217])]
  [list([157, 41])
   list([0, 43, 5, 46, 26, 34, 32, 58, 153, 1213, 21, 406, 297, 86, 634, 347])]]

 [[list([]) list([2367])]
  [list([1223, 1410])
   list([173, 558, 278, 241, 1374, 140, 1096, 1701, 324, 862, 232, 1489, 185, 182, 1911, 908])]]]
[2581. 4955.  497.]
Processing vid 3 : ./tchakamau\Density_matchedstyrene\45696_15Vpp_4.avi
T threshold: 60.0
C threshold: 20
[[4. 8.]
 [8. 9.]]
[[[list([1984, 327, 3358, 1908])
   list([7726, 935, 508, 126, 5284, 513, 504, 4494])]
  [list([301, 574, 602, 969, 1832, 225, 734, 2846])
   list([2924, 355, 130, 334, 391, 755, 186, 2036, 1200])]]

 [[list([1818, 112, 2939, 958])
   list([7544, 679, 321, 52, 3774, 219, 236, 3875])]
  [list([18, 456, 434, 503, 778, 22, 149, 2497])
   list([2508, 227, 9, 21, 226, 631, 9, 1876, 32])]]

 [[list([166, 215, 419, 950])
   list([182, 256, 187, 74, 1510, 294, 268, 619])]
  [list([283, 118, 168, 466, 1054, 203, 585, 349])
   list([416, 128, 121, 313, 165, 124, 177, 160, 1168])]]]
[19547. 10598.  4132.]
Processing vid 4 : ./tchakamau\Density_matchedstyrene\45696_15Vpp_5.avi
T threshold: 60.0
C threshold: 20
[[ 0.  3.]
 [ 3. 11.]]
[[[list([]) list([2188, 1198, 1293])]
  [list([222, 932, 1344])
   list([8783, 1107, 489, 1525, 6713, 697, 1087, 5160, 491, 614, 176])]]

 [[list([]) list([444, 756, 1178])]
  [list([135, 844, 1281])
   list([8695, 890, 365, 11, 6608, 516, 41, 4936, 124, 221, 17])]]

 [[list([]) list([1744, 442, 115])]
  [list([87, 88, 63])
   list([88, 217, 124, 1514, 105, 181, 1046, 224, 367, 393, 159])]]]
[ 1680. 23726.   669.]
Processing vid 5 : ./tchakamau\Density_matchedstyrene\45696_15Vpp_6.avi
T threshold: 60.0
C threshold: 20
[[ 4.  8.]
 [ 8. 17.]]
[[[list([2250, 782, 2858, 552])
   list([4158, 311, 3885, 1562, 3797, 1287, 2291, 882])]
  [list([974, 7901, 2746, 990, 1369, 394, 14037, 1249])
   list([397, 1613, 607, 390, 944, 533, 2202, 595, 3936, 1215, 354, 240, 207, 1010, 737, 206, 1440])]]

 [[list([1908, 317, 2273, 175])
   list([3436, 127, 3638, 1489, 3043, 930, 2123, 33])]
  [list([576, 7495, 1655, 421, 674, 266, 12669, 843])
   list([127, 1418, 62, 115, 120, 7, 151, 444, 3266, 1040, 42, 41, 44, 344, 220, 17, 927])]]

 [[list([342, 465, 585, 377])
   list([722, 184, 247, 73, 754, 357, 168, 849])]
  [list([398, 406, 1091, 569, 695, 128, 1368, 406])
   list([270, 195, 545, 275, 824, 526, 2051, 151, 670, 175, 312, 199, 163, 666, 517, 189, 513])]]]
[17708. 47861.  3891.]
Processing vid 6 : ./tchakamau\Density_matchedstyrene\45696_15Vpp_7.avi
T threshold: 60.0
C threshold: 20
[[2. 3.]
 [3. 5.]]
[[[list([1470, 1024]) list([1727, 7170, 3020])]
  [list([1075, 168, 1534]) list([1716, 716, 1032, 1452, 1296])]]

 [[list([399, 102]) list([503, 6713, 534])]
  [list([799, 104, 1444]) list([123, 291, 131, 1187, 3])]]

 [[list([1071, 922]) list([1224, 457, 2486])]
  [list([276, 64, 90]) list([1593, 425, 901, 265, 1293])]]]
[ 6055. 11742.  2426.]
Processing vid 7 : ./tchakamau\Density_matchedstyrene\45696_15Vpp_8.avi
T threshold: 60.0
C threshold: 20
[[0. 0.]
 [0. 6.]]
[[[list([]) list([])]
  [list([]) list([4660, 1430, 2230, 1052, 507, 2510])]]

 [[list([]) list([])]
  [list([]) list([3941, 198, 1477, 301, 54, 1359])]]

 [[list([]) list([])]
  [list([]) list([719, 1232, 753, 751, 453, 1151])]]]
[    0. 12805.     0.]
Processing vid 8 : ./tchakamau\Density_matchedstyrene\45696_15Vpp_9.avi
T threshold: 60.0
C threshold: 20
[[0. 0.]
 [0. 4.]]
[[[list([]) list([])]
  [list([]) list([1771, 361, 430, 2609])]]

 [[list([]) list([])]
  [list([]) list([1612, 71, 44, 1571])]]

 [[list([]) list([])]
  [list([]) list([159, 290, 386, 1038])]]]
[0.0000e+00 1.8636e+04 4.0000e+00]
Processing vid 0 : ./tchakamau\Density_matchedstyrene\45691_15Vpp_0.avi
T threshold: 60.0
C threshold: 30
[[0. 2.]
 [2. 5.]]
[[[list([]) list([1252, 1914])]
  [list([4732, 10758]) list([5318, 9810, 14180, 2103, 2086])]]

 [[list([]) list([744, 433])]
  [list([0, 9415]) list([5200, 9689, 12944, 764, 924])]]

 [[list([]) list([508, 1481])]
  [list([4732, 1343]) list([118, 121, 1236, 1339, 1162])]]]
[  952. 49736.  9528.]
Processing vid 1 : ./tchakamau\Density_matchedstyrene\45696_15Vpp_1.avi
T threshold: 60.0
C threshold: 30
[[ 2.  0.]
 [ 1. 23.]]
[[[list([263, 2280]) list([])]
  [list([901])
   list([317, 732, 183, 838, 362, 721, 483, 360, 311, 212, 360, 755, 1486, 203, 414, 397, 209, 462, 222, 3936, 190, 2390, 450])]]

 [[list([0, 63]) list([])]
  [list([787])
   list([0, 530, 31, 668, 190, 439, 101, 97, 1, 2, 5, 2, 3, 0, 0, 3, 5, 120, 32, 152, 0, 5, 247])]]

 [[list([263, 2217]) list([])]
  [list([114])
   list([317, 202, 152, 170, 172, 282, 382, 263, 310, 210, 355, 753, 1483, 203, 414, 394, 204, 342, 190, 3784, 190, 2385, 203])]]]
[  994. 10728.   320.]
Processing vid 2 : ./tchakamau\Density_matchedstyrene\45696_15Vpp_2.avi
T threshold: 60.0
C threshold: 30
[[ 0.  1.]
 [ 2. 14.]]
[[[list([]) list([3206])]
  [list([1380, 1528])
   list([1067, 287, 1400, 174, 1128, 1759, 477, 2075, 253, 2087, 334, 224, 1948, 1230])]]

 [[list([]) list([207])]
  [list([67, 3])
   list([0, 15, 16, 24, 22, 48, 76, 1203, 11, 396, 58, 32, 2, 312])]]

 [[list([]) list([2999])]
  [list([1313, 1525])
   list([1067, 272, 1384, 150, 1106, 1711, 401, 872, 242, 1691, 276, 192, 1946, 918])]]]
[2581. 4955.  497.]
Processing vid 3 : ./tchakamau\Density_matchedstyrene\45696_15Vpp_4.avi
T threshold: 60.0
C threshold: 30
[[4. 8.]
 [7. 7.]]
[[[list([2095, 327, 3269, 1908])
   list([7625, 935, 479, 126, 5284, 632, 449, 4385])]
  [list([301, 603, 602, 992, 1832, 280, 843])
   list([2924, 485, 334, 457, 822, 2036, 1200])]]

 [[list([1818, 102, 2840, 948])
   list([7433, 669, 282, 42, 3764, 209, 1, 3735])]
  [list([8, 423, 424, 427, 768, 12, 77])
   list([2498, 217, 11, 216, 502, 1866, 22])]]

 [[list([277, 225, 429, 960])
   list([192, 266, 197, 84, 1520, 423, 448, 650])]
  [list([293, 180, 178, 565, 1064, 268, 766])
   list([426, 268, 323, 241, 320, 170, 1178])]]]
[19547. 10598.  4132.]