Processing vid 0 : ./tchakamau\Density_matchedboth\45693_15Vpp_0_hasslipsitwontcatchandorbits.avi
T threshold: 40.0
C threshold: 22
[[33.  0. 13.]
 [ 0.  0.  0.]
 [14.  0. 14.]]
[[[list([1023, 773, 626, 1079, 915, 372, 374, 443, 819, 161, 231, 445, 460, 1590, 715, 441, 2694, 1009, 259, 391, 900, 289, 554, 819, 255, 448, 821, 547, 461, 81, 272, 482, 2782])
   list([])
   list([643, 1919, 2332, 1576, 486, 362, 253, 231, 963, 4269, 529, 363, 1355])]
  [list([]) list([]) list([])]
  [list([1405, 125, 2204, 1496, 2153, 49, 506, 298, 417, 973, 1219, 2434, 821, 352])
   list([])
   list([344, 303, 446, 171, 367, 1907, 627, 237, 345, 479, 181, 224, 1430, 755])]]

 [[list([131, 290, 483, 623, 194, 177, 142, 76, 304, 13, 8, 54, 78, 205, 175, 153, 92, 644, 3, 189, 405, 0, 242, 455, 86, 281, 708, 244, 21, 0, 78, 315, 123])
   list([])
   list([22, 310, 19, 1094, 366, 142, 17, 119, 777, 1136, 91, 40, 358])]
  [list([]) list([]) list([])]
  [list([1, 2, 4, 27, 5, 3, 289, 62, 15, 3, 0, 158, 12, 104]) list([])
   list([221, 18, 61, 0, 5, 1, 6, 23, 1, 9, 4, 14, 37, 170])]]

 [[list([892, 483, 143, 456, 721, 195, 232, 367, 515, 148, 223, 391, 382, 1385, 540, 288, 2602, 365, 256, 202, 495, 289, 312, 364, 169, 167, 113, 303, 440, 81, 194, 167, 2659])
   list([])
   list([621, 1609, 2313, 482, 120, 220, 236, 112, 186, 3133, 438, 323, 997])]
  [list([]) list([]) list([])]
  [list([1404, 123, 2200, 1469, 2148, 46, 217, 236, 402, 970, 1219, 2276, 809, 248])
   list([])
   list([123, 285, 385, 171, 362, 1906, 621, 214, 344, 470, 177, 210, 1393, 585])]]]
[18550.   611. 18075. 31064.]
Processing vid 1 : ./tchakamau\Density_matchedboth\45693_15Vpp_1.avi
T threshold: 40.0
C threshold: 22
[[ 4.  0.  9.]
 [ 1.  5.  3.]
 [ 9.  4. 26.]]
[[[list([10267, 1137, 1136, 729]) list([])
   list([150, 302, 348, 580, 71, 447, 915, 431, 1835])]
  [list([894]) list([149, 183, 604, 366, 300]) list([1366, 177, 943])]
  [list([2017, 206, 1003, 190, 1079, 269, 67, 224, 430])
   list([204, 598, 1022, 3259])
   list([370, 441, 542, 142, 2091, 537, 412, 262, 500, 431, 278, 293, 336, 1566, 322, 442, 303, 298, 1250, 311, 591, 648, 640, 252, 223, 1157])]]

 [[list([9566, 276, 462, 292]) list([])
   list([73, 230, 145, 252, 48, 299, 56, 295, 1473])]
  [list([34]) list([0, 1, 170, 0, 6]) list([2, 4, 3])]
  [list([1872, 5, 353, 55, 866, 183, 3, 10, 8])
   list([57, 84, 269, 2518])
   list([1, 2, 240, 4, 1882, 286, 12, 51, 251, 209, 85, 1, 2, 652, 6, 222, 89, 44, 1154, 126, 7, 477, 134, 87, 47, 782])]]

 [[list([701, 861, 674, 437]) list([])
   list([77, 72, 203, 328, 23, 148, 859, 136, 362])]
  [list([860]) list([149, 182, 434, 366, 294]) list([1364, 173, 940])]
  [list([145, 201, 650, 135, 213, 86, 64, 214, 422])
   list([147, 514, 753, 741])
   list([369, 439, 302, 138, 209, 251, 400, 211, 249, 222, 193, 292, 334, 914, 316, 220, 214, 254, 96, 185, 584, 171, 506, 165, 176, 375])]]]
[15659.  2148. 17881. 15716.]
Processing vid 2 : ./tchakamau\Density_matchedboth\45693_15Vpp_2.avi
T threshold: 40.0
C threshold: 22
[[10.  1.  6.]
 [ 0.  0.  1.]
 [ 6.  0.  6.]]
[[[list([637, 627, 821, 433, 537, 451, 528, 412, 1052, 3839])
   list([2858]) list([28, 600, 752, 698, 1086, 323])]
  [list([]) list([]) list([589])]
  [list([323, 634, 634, 686, 69, 1323]) list([])
   list([739, 601, 189, 1063, 1009, 688])]]

 [[list([0, 410, 454, 2, 332, 13, 364, 36, 708, 3718]) list([2547])
   list([5, 532, 53, 594, 713, 220])]
  [list([]) list([]) list([221])]
  [list([178, 532, 536, 99, 2, 826]) list([])
   list([592, 209, 3, 185, 901, 497])]]

 [[list([637, 217, 367, 431, 205, 438, 164, 376, 344, 121]) list([311])
   list([23, 68, 699, 104, 373, 103])]
  [list([]) list([]) list([368])]
  [list([145, 102, 98, 587, 67, 497]) list([])
   list([147, 392, 186, 878, 108, 191])]]]
[11758.   353.  6593.  6338.]
Processing vid 3 : ./tchakamau\Density_matchedboth\45693_15Vpp_3.avi
T threshold: 40.0
C threshold: 22
[[ 0.  0.  3.]
 [ 0.  0.  0.]
 [ 3.  0. 11.]]
[[[list([]) list([]) list([431, 1562, 271])]
  [list([]) list([]) list([])]
  [list([553, 677, 285]) list([])
   list([1558, 292, 640, 338, 1707, 445, 1957, 359, 526, 1431, 5476])]]

 [[list([]) list([]) list([257, 56, 70])]
  [list([]) list([]) list([])]
  [list([112, 641, 78]) list([])
   list([1386, 0, 344, 77, 1501, 294, 1768, 95, 106, 1235, 5355])]]

 [[list([]) list([]) list([174, 1506, 201])]
  [list([]) list([]) list([])]
  [list([441, 36, 207]) list([])
   list([172, 292, 296, 261, 206, 151, 189, 264, 420, 196, 121])]]]
[9.7400e+02 1.3000e+01 1.4863e+04 3.5740e+03]
Processing vid 4 : ./tchakamau\Density_matchedboth\45693_15Vpp_4.avi
T threshold: 40.0
C threshold: 22
[[ 0.  0.  4.]
 [ 0.  9.  2.]
 [ 4.  2. 20.]]
[[[list([]) list([]) list([69, 2464, 1872, 1890])]
  [list([]) list([240, 303, 492, 295, 283, 288, 317, 447, 369])
   list([742, 271])]
  [list([1405, 1155, 1832, 985]) list([435, 670])
   list([2671, 293, 255, 369, 319, 465, 1117, 737, 258, 501, 133, 209, 1220, 955, 1089, 1040, 878, 352, 530, 308])]]

 [[list([]) list([]) list([6, 2030, 696, 1226])]
  [list([]) list([3, 105, 2, 114, 8, 125, 20, 159, 150]) list([6, 0])]
  [list([1292, 390, 1647, 774]) list([187, 102])
   list([2512, 50, 60, 45, 3, 79, 873, 470, 88, 335, 4, 20, 770, 206, 989, 550, 689, 45, 72, 63])]]

 [[list([]) list([]) list([63, 434, 1176, 664])]
  [list([]) list([237, 198, 490, 181, 275, 163, 297, 288, 219])
   list([736, 271])]
  [list([113, 765, 185, 211]) list([248, 568])
   list([159, 243, 195, 324, 316, 386, 244, 267, 170, 166, 129, 189, 450, 749, 100, 490, 189, 307, 458, 245])]]]
[ 4235.  2653. 15661.  9754.]
Processing vid 5 : ./tchakamau\Density_matchedboth\45693_15Vpp_5_pushed.avi
T threshold: 40.0
C threshold: 22
[[ 4.  0.  9.]
 [ 0. 14.  3.]
 [ 9.  4. 43.]]
[[[list([571, 1717, 3313, 732]) list([])
   list([454, 1121, 24, 295, 340, 2419, 686, 309, 1598])]
  [list([])
   list([393, 159, 188, 264, 813, 147, 361, 240, 236, 368, 344, 445, 188, 997])
   list([312, 504, 370])]
  [list([319, 867, 226, 2214, 335, 344, 727, 276, 345])
   list([359, 384, 113, 881])
   list([4495, 3528, 1050, 156, 175, 1165, 398, 2591, 621, 272, 307, 283, 1218, 385, 623, 250, 800, 206, 439, 751, 333, 620, 374, 622, 274, 441, 617, 655, 263, 1098, 880, 1200, 260, 906, 319, 856, 463, 307, 392, 300, 312, 291, 787])]]

 [[list([149, 1590, 3073, 455]) list([])
   list([0, 100, 1, 127, 229, 1639, 55, 50, 1504])]
  [list([])
   list([196, 10, 14, 5, 1, 4, 4, 15, 112, 175, 138, 3, 14, 543])
   list([0, 4, 20])]
  [list([165, 763, 203, 1349, 221, 175, 385, 191, 40])
   list([109, 263, 72, 381])
   list([0, 3353, 273, 0, 24, 1065, 195, 2299, 14, 57, 79, 7, 944, 184, 328, 56, 534, 69, 200, 512, 57, 104, 165, 158, 14, 221, 21, 311, 80, 486, 216, 801, 66, 522, 38, 475, 317, 120, 211, 135, 2, 146, 561])]]

 [[list([422, 127, 240, 277]) list([])
   list([454, 1021, 23, 168, 111, 780, 631, 259, 94])]
  [list([])
   list([197, 149, 174, 259, 812, 143, 357, 225, 124, 193, 206, 442, 174, 454])
   list([312, 500, 350])]
  [list([154, 104, 23, 865, 114, 169, 342, 85, 305])
   list([250, 121, 41, 500])
   list([4495, 175, 777, 156, 151, 100, 203, 292, 607, 215, 228, 276, 274, 201, 295, 194, 266, 137, 239, 239, 276, 516, 209, 464, 260, 220, 596, 344, 183, 612, 664, 399, 194, 384, 281, 381, 146, 187, 181, 165, 310, 145, 226])]]]
[10169.  4898. 26455. 26134.]
Processing vid 6 : ./tchakamau\Density_matchedboth\45693_15Vpp_6.avi
T threshold: 40.0
C threshold: 22
[[ 0.  1.  8.]
 [ 0. 24.  6.]
 [10.  4. 50.]]
[[[list([]) list([689]) list([311, 138, 1575, 772, 1094, 288, 791, 120])]
  [list([])
   list([424, 289, 425, 743, 184, 445, 310, 112, 231, 961, 382, 675, 618, 485, 155, 324, 494, 395, 717, 212, 528, 153, 321, 198])
   list([341, 380, 213, 220, 622, 192])]
  [list([738, 460, 225, 875, 94, 188, 451, 525, 406, 683])
   list([1583, 773, 311, 310])
   list([183, 516, 326, 357, 412, 314, 1421, 683, 1483, 931, 329, 247, 477, 601, 159, 367, 261, 284, 368, 152, 296, 485, 598, 355, 537, 468, 594, 629, 269, 445, 1050, 1141, 340, 1268, 737, 667, 433, 805, 189, 1242, 293, 447, 351, 250, 1053, 3292, 215, 753, 306, 289])]]

 [[list([]) list([172]) list([288, 0, 874, 132, 964, 5, 624, 2])]
  [list([])
   list([0, 0, 236, 392, 2, 328, 54, 9, 34, 868, 180, 99, 1, 11, 17, 2, 4, 41, 3, 3, 4, 1, 9, 15])
   list([2, 64, 0, 11, 239, 7])]
  [list([615, 170, 144, 238, 35, 123, 31, 288, 198, 91])
   list([1020, 448, 20, 147])
   list([55, 312, 174, 211, 216, 150, 1274, 562, 1206, 638, 80, 0, 42, 441, 5, 113, 74, 48, 95, 3, 83, 300, 127, 147, 385, 315, 443, 472, 17, 68, 585, 941, 153, 437, 412, 479, 137, 645, 38, 862, 8, 223, 155, 94, 421, 2745, 18, 553, 127, 59])]]

 [[list([]) list([517]) list([23, 138, 701, 640, 130, 283, 167, 118])]
  [list([])
   list([424, 289, 189, 351, 182, 117, 256, 103, 197, 93, 202, 576, 617, 474, 138, 322, 490, 354, 714, 209, 524, 152, 312, 183])
   list([339, 316, 213, 209, 383, 185])]
  [list([123, 290, 81, 637, 59, 65, 420, 237, 208, 592])
   list([563, 325, 291, 163])
   list([128, 204, 152, 146, 196, 164, 147, 121, 277, 293, 249, 247, 435, 160, 154, 254, 187, 236, 273, 149, 213, 185, 471, 208, 152, 153, 151, 157, 252, 377, 465, 200, 187, 831, 325, 188, 296, 160, 151, 380, 285, 224, 196, 156, 632, 547, 197, 200, 179, 230])]]]
[ 4019.  7859. 28343. 20513.]
Processing vid 7 : ./tchakamau\Density_matchedboth\45693_15Vpp_7.avi
T threshold: 40.0
C threshold: 22
[[ 1.  0.  7.]
 [ 0.  0.  2.]
 [ 7.  2. 17.]]
[[[list([999]) list([]) list([2156, 47, 1044, 888, 421, 233, 122])]
  [list([]) list([]) list([145, 153])]
  [list([340, 258, 472, 1175, 249, 1287, 235]) list([364, 1131])
   list([299, 94, 188, 1312, 705, 910, 1888, 206, 399, 367, 823, 1312, 1631, 531, 437, 355, 526])]]

 [[list([754]) list([]) list([1961, 4, 372, 832, 1, 58, 50])]
  [list([]) list([]) list([95, 3])]
  [list([11, 169, 429, 539, 4, 1056, 81]) list([281, 35])
   list([105, 6, 0, 934, 501, 784, 1731, 42, 67, 94, 10, 29, 988, 413, 1, 148, 2])]]

 [[list([245]) list([]) list([195, 43, 672, 56, 420, 175, 72])]
  [list([]) list([]) list([50, 150])]
  [list([329, 89, 43, 636, 245, 231, 154]) list([83, 1096])
   list([194, 88, 188, 378, 204, 126, 157, 164, 332, 273, 813, 1283, 643, 118, 436, 207, 524])]]]
[ 4626.  1949. 11526.  7576.]
Processing vid 8 : ./tchakamau\Density_matchedboth\45693_15Vpp_8_c.avi
T threshold: 40.0
C threshold: 22
[[1. 0. 1.]
 [0. 0. 1.]
 [0. 1. 4.]]
[[[list([3297]) list([]) list([6230])]
  [list([]) list([]) list([582])]
  [list([]) list([1281]) list([450, 280, 332, 361])]]

 [[list([2807]) list([]) list([5349])]
  [list([]) list([]) list([6])]
  [list([]) list([317]) list([23, 128, 95, 101])]]

 [[list([490]) list([]) list([881])]
  [list([]) list([]) list([576])]
  [list([]) list([964]) list([427, 152, 237, 260])]]]
[7897.  421. 2872. 2254.]
Processing vid 9 : ./tchakamau\Density_matchedboth\45693_15Vpp_8_d.avi
T threshold: 40.0
C threshold: 22
[[ 6.  0. 18.]
 [ 0.  0.  1.]
 [17.  1. 23.]]
[[[list([255, 561, 313, 402, 524, 1424]) list([])
   list([55, 482, 350, 600, 82, 129, 1832, 27, 495, 1019, 1815, 479, 195, 280, 319, 210, 266, 69])]
  [list([]) list([]) list([282])]
  [list([599, 383, 310, 1078, 133, 389, 136, 172, 398, 668, 852, 417, 75, 803, 674, 169, 63])
   list([703])
   list([810, 285, 821, 445, 637, 538, 467, 595, 427, 721, 1201, 1841, 3082, 1112, 1015, 521, 350, 1383, 706, 901, 746, 1467, 198])]]

 [[list([33, 13, 2, 46, 47, 1274]) list([])
   list([0, 360, 269, 54, 5, 2, 1336, 4, 256, 449, 1217, 396, 13, 46, 138, 1, 7, 5])]
  [list([]) list([]) list([1])]
  [list([174, 154, 186, 981, 45, 144, 39, 36, 202, 462, 754, 17, 3, 258, 533, 79, 27])
   list([509])
   list([489, 9, 644, 248, 343, 0, 202, 352, 284, 585, 28, 1065, 2812, 895, 888, 35, 36, 34, 541, 36, 32, 1110, 81])]]

 [[list([222, 548, 311, 356, 477, 150]) list([])
   list([55, 122, 81, 546, 77, 127, 496, 23, 239, 570, 598, 83, 182, 234, 181, 209, 259, 64])]
  [list([]) list([]) list([281])]
  [list([425, 229, 124, 97, 88, 245, 97, 136, 196, 206, 98, 400, 72, 545, 141, 90, 36])
   list([194])
   list([321, 276, 177, 197, 294, 538, 265, 243, 143, 136, 1173, 776, 270, 217, 127, 486, 314, 1349, 165, 865, 714, 357, 117])]]]
[ 8694.  1440. 19537. 16924.]
Processing vid 0 : ./tchakamau\Density_matchedboth\45693_15Vpp_0_hasslipsitwontcatchandorbits.avi
T threshold: 40.0
C threshold: 35
[[37.  0.  4.]
 [ 0.  0.  0.]
 [ 5.  0.  3.]]
[[[list([1023, 768, 274, 499, 626, 1128, 866, 372, 374, 4123, 443, 3887, 5024, 868, 392, 495, 1265, 445, 2765, 441, 318, 2770, 534, 787, 262, 2963, 1189, 554, 1184, 819, 255, 448, 914, 454, 814, 482, 2676])
   list([]) list([253, 231, 3951, 1355])]
  [list([]) list([]) list([])]
  [list([5226, 298, 593, 2626, 1213]) list([]) list([357, 1242, 247])]]

 [[list([15, 9, 11, 3, 470, 419, 39, 9, 68, 7, 63, 6, 1022, 4, 0, 185, 93, 41, 65, 140, 25, 79, 1, 21, 47, 78, 392, 229, 27, 442, 73, 268, 695, 138, 8, 302, 4])
   list([]) list([4, 106, 640, 217])]
  [list([]) list([]) list([])]
  [list([5, 49, 2, 1, 101]) list([]) list([0, 10, 1])]]

 [[list([1008, 759, 263, 496, 156, 709, 827, 363, 306, 4116, 380, 3881, 4002, 864, 392, 310, 1172, 404, 2700, 301, 293, 2691, 533, 766, 215, 2885, 797, 325, 1157, 377, 182, 180, 219, 316, 806, 180, 2672])
   list([]) list([249, 125, 3311, 1138])]
  [list([]) list([]) list([])]
  [list([5221, 249, 591, 2625, 1112]) list([]) list([357, 1232, 246])]]]
[18550.   611. 18075. 31064.]
Processing vid 1 : ./tchakamau\Density_matchedboth\45693_15Vpp_1.avi
T threshold: 40.0
C threshold: 35
[[ 4.  0.  8.]
 [ 0.  0.  0.]
 [ 9.  0. 18.]]
[[[list([10267, 989, 1177, 732]) list([])
   list([1440, 404, 676, 71, 769, 874, 638, 1860])]
  [list([]) list([]) list([])]
  [list([2059, 1003, 667, 1079, 263, 864, 699, 4111, 968]) list([])
   list([684, 1570, 2125, 915, 1192, 296, 907, 1720, 505, 240, 448, 390, 567, 248, 648, 640, 3288, 609])]]

 [[list([9553, 61, 336, 229]) list([])
   list([31, 94, 173, 2, 190, 2, 282, 1341])]
  [list([]) list([]) list([])]
  [list([1872, 340, 88, 734, 16, 8, 74, 2060, 0]) list([])
   list([4, 44, 1807, 116, 15, 25, 72, 639, 209, 13, 31, 87, 249, 11, 464, 121, 49, 358])]]

 [[list([714, 928, 841, 503]) list([])
   list([1409, 310, 503, 69, 579, 872, 356, 519])]
  [list([]) list([]) list([])]
  [list([187, 663, 579, 345, 247, 856, 625, 2051, 968]) list([])
   list([680, 1526, 318, 799, 1177, 271, 835, 1081, 296, 227, 417, 303, 318, 237, 184, 519, 3239, 251])]]]
[15659.  2148. 17881. 15716.]
Processing vid 2 : ./tchakamau\Density_matchedboth\45693_15Vpp_2.avi
T threshold: 40.0
C threshold: 35
[[7. 1. 5.]
 [0. 0. 1.]
 [5. 0. 5.]]
[[[list([1429, 362, 451, 563, 1179, 1052, 3798]) list([2871])
   list([827, 851, 717, 1086, 323])]
  [list([]) list([]) list([589])]
  [list([960, 462, 634, 636, 1364]) list([])
   list([767, 573, 1102, 908, 738])]]

 [[list([441, 144, 0, 313, 423, 663, 3577]) list([2547])
   list([397, 519, 5, 700, 207])]
  [list([]) list([]) list([1])]
  [list([165, 347, 523, 36, 768]) list([])
   list([517, 143, 110, 787, 484])]]

 [[list([988, 218, 451, 250, 756, 389, 221]) list([324])
   list([430, 332, 712, 386, 116])]
  [list([]) list([]) list([588])]
  [list([795, 115, 111, 600, 596]) list([])
   list([250, 430, 992, 121, 254])]]]
[11758.   353.  6593.  6338.]
Processing vid 3 : ./tchakamau\Density_matchedboth\45693_15Vpp_3.avi
T threshold: 40.0
C threshold: 35
[[ 0.  0.  3.]
 [ 0.  0.  0.]
 [ 3.  0. 13.]]
[[[list([]) list([]) list([1027, 1562, 268])]
  [list([]) list([]) list([])]
  [list([693, 355, 267]) list([])
   list([747, 1140, 616, 338, 499, 442, 797, 2366, 777, 386, 283, 538, 5420])]]

 [[list([]) list([]) list([37, 43, 25])]
  [list([]) list([]) list([])]
  [list([68, 306, 15]) list([])
   list([423, 639, 307, 64, 154, 251, 296, 1755, 64, 52, 3, 273, 5261])]]

 [[list([]) list([]) list([990, 1519, 243])]
  [list([]) list([]) list([])]
  [list([625, 49, 252]) list([])
   list([324, 501, 309, 274, 345, 191, 501, 611, 713, 334, 280, 265, 159])]]]
[9.7400e+02 1.3000e+01 1.4863e+04 3.5740e+03]
Processing vid 4 : ./tchakamau\Density_matchedboth\45693_15Vpp_4.avi
T threshold: 40.0
C threshold: 35
[[ 0.  0.  3.]
 [ 0.  2.  2.]
 [ 3.  2. 19.]]
[[[list([]) list([]) list([2398, 1872, 1984])]
  [list([]) list([578, 288]) list([975, 1404])]
  [list([1246, 1832, 985]) list([651, 1077])
   list([2977, 255, 1389, 377, 1241, 258, 634, 349, 1125, 209, 1195, 192, 763, 1089, 1040, 878, 352, 615, 308])]]

 [[list([]) list([]) list([1926, 683, 1213])]
  [list([]) list([10, 2]) list([22, 7])]
  [list([218, 1634, 761]) list([49, 4])
   list([2392, 13, 1, 146, 247, 5, 293, 0, 797, 7, 694, 1, 1, 947, 467, 434, 32, 3, 22])]]

 [[list([]) list([]) list([472, 1189, 771])]
  [list([]) list([568, 286]) list([953, 1397])]
  [list([1028, 198, 224]) list([602, 1073])
   list([585, 242, 1388, 231, 994, 253, 341, 349, 328, 202, 501, 191, 762, 142, 573, 444, 320, 612, 286])]]]
[ 4235.  2653. 15661.  9754.]
Processing vid 5 : ./tchakamau\Density_matchedboth\45693_15Vpp_5_pushed.avi
T threshold: 40.0
C threshold: 35
[[ 4.  0.  7.]
 [ 0.  6.  2.]
 [ 7.  3. 40.]]
[[[list([571, 1717, 3313, 768]) list([])
   list([1190, 295, 340, 2472, 716, 344, 1521])]
  [list([]) list([552, 1773, 283, 193, 368, 789]) list([531, 370])]
  [list([832, 2214, 335, 376, 437, 276, 1191]) list([359, 820, 1113])
   list([4508, 3528, 935, 1044, 210, 1096, 497, 2492, 704, 492, 654, 1101, 385, 623, 219, 346, 507, 153, 550, 973, 596, 603, 592, 274, 441, 641, 691, 234, 1067, 943, 676, 461, 888, 260, 367, 874, 492, 319, 1040, 294])]]

 [[list([83, 1577, 3025, 401]) list([])
   list([87, 114, 216, 1594, 5, 37, 1414])]
  [list([]) list([3, 1, 2, 56, 116, 1]) list([1, 7])]
  [list([634, 1336, 208, 162, 35, 178, 367]) list([27, 468, 368])
   list([0, 3340, 152, 98, 11, 983, 182, 2187, 1, 107, 13, 814, 171, 315, 12, 4, 14, 3, 187, 388, 6, 91, 115, 1, 30, 8, 214, 7, 442, 203, 334, 49, 250, 29, 97, 107, 157, 78, 157, 56])]]

 [[list([488, 140, 288, 367]) list([])
   list([1103, 181, 124, 878, 711, 307, 107])]
  [list([]) list([549, 1772, 281, 137, 252, 788]) list([530, 363])]
  [list([198, 878, 127, 214, 402, 98, 824]) list([332, 352, 745])
   list([4508, 188, 783, 946, 199, 113, 315, 305, 703, 385, 641, 287, 214, 308, 207, 342, 493, 150, 363, 585, 590, 512, 477, 273, 411, 633, 477, 227, 625, 740, 342, 412, 638, 231, 270, 767, 335, 241, 883, 238])]]]
[10169.  4898. 26455. 26134.]
Processing vid 6 : ./tchakamau\Density_matchedboth\45693_15Vpp_6.avi
T threshold: 40.0
C threshold: 35
[[ 0.  0.  6.]
 [ 0.  8.  4.]
 [ 7.  3. 53.]]
[[[list([]) list([]) list([902, 311, 1575, 772, 1094, 791])]
  [list([]) list([726, 610, 742, 445, 422, 298, 1060, 2298])
   list([557, 1638, 696, 390])]
  [list([738, 460, 776, 94, 164, 525, 683]) list([728, 361, 338])
   list([183, 516, 326, 418, 351, 314, 1421, 683, 688, 3053, 1483, 261, 320, 350, 601, 568, 644, 414, 522, 496, 296, 485, 416, 545, 459, 506, 584, 504, 629, 314, 1050, 288, 481, 372, 364, 739, 1340, 665, 664, 401, 905, 518, 221, 796, 798, 340, 436, 1053, 3292, 350, 618, 306, 289])]]

 [[list([]) list([]) list([159, 247, 810, 90, 951, 611])]
  [list([]) list([0, 101, 87, 315, 41, 21, 788, 0]) list([1, 4, 176, 2])]
  [list([521, 157, 5, 22, 86, 275, 78]) list([390, 7, 134])
   list([42, 42, 138, 157, 142, 1, 1261, 549, 437, 319, 1193, 17, 18, 44, 67, 4, 280, 21, 14, 32, 4, 287, 131, 61, 104, 268, 229, 18, 459, 4, 460, 51, 279, 159, 140, 18, 351, 327, 342, 3, 425, 283, 0, 38, 110, 5, 5, 408, 2732, 5, 266, 19, 46])]]

 [[list([]) list([]) list([743, 64, 765, 682, 143, 180])]
  [list([]) list([726, 509, 655, 130, 381, 277, 272, 2298])
   list([556, 1634, 520, 388])]
  [list([217, 303, 771, 72, 78, 250, 605]) list([338, 354, 204])
   list([141, 474, 188, 261, 209, 313, 160, 134, 251, 2734, 290, 244, 302, 306, 534, 564, 364, 393, 508, 464, 292, 198, 285, 484, 355, 238, 355, 486, 170, 310, 590, 237, 202, 213, 224, 721, 989, 338, 322, 398, 480, 235, 221, 758, 688, 335, 431, 645, 560, 345, 352, 287, 243])]]]
[ 4019.  7859. 28343. 20513.]
Processing vid 7 : ./tchakamau\Density_matchedboth\45693_15Vpp_7.avi
T threshold: 40.0
C threshold: 35
[[ 1.  0.  3.]
 [ 0.  0.  0.]
 [ 3.  0. 14.]]
[[[list([1025]) list([]) list([2242, 1122, 914])]
  [list([]) list([]) list([])]
  [list([1117, 472, 1138]) list([])
   list([769, 1646, 838, 1503, 1784, 1795, 1312, 299, 548, 821, 1175, 1520, 819, 879])]]

 [[list([741]) list([]) list([1948, 288, 819])]
  [list([]) list([]) list([])]
  [list([600, 59, 489]) list([])
   list([105, 1224, 488, 70, 1614, 29, 16, 2, 314, 128, 374, 915, 68, 57])]]

 [[list([284]) list([]) list([294, 834, 95])]
  [list([]) list([]) list([])]
  [list([517, 413, 649]) list([])
   list([664, 422, 350, 1433, 170, 1766, 1296, 297, 234, 693, 801, 605, 751, 822])]]]
[ 4626.  1949. 11526.  7576.]
Processing vid 8 : ./tchakamau\Density_matchedboth\45693_15Vpp_8_c.avi
T threshold: 40.0
C threshold: 35
[[1. 0. 1.]
 [0. 0. 0.]
 [0. 0. 4.]]
[[[list([3310]) list([]) list([6230])]
  [list([]) list([]) list([])]
  [list([]) list([]) list([1863, 730, 387, 306])]]

 [[list([2807]) list([]) list([4961])]
  [list([]) list([]) list([])]
  [list([]) list([]) list([304, 10, 82, 33])]]

 [[list([503]) list([]) list([1269])]
  [list([]) list([]) list([])]
  [list([]) list([]) list([1559, 720, 305, 273])]]]
[7897.  421. 2872. 2254.]
Processing vid 9 : ./tchakamau\Density_matchedboth\45693_15Vpp_8_d.avi
T threshold: 40.0
C threshold: 35
[[ 4.  0. 12.]
 [ 0.  0.  0.]
 [11.  0. 29.]]
[[[list([479, 524, 270, 1424]) list([])
   list([68, 585, 603, 600, 690, 1933, 418, 1149, 1815, 271, 280, 319])]
  [list([]) list([]) list([])]
  [list([628, 283, 310, 855, 764, 172, 398, 228, 579, 417, 803])
   list([])
   list([408, 402, 821, 445, 637, 952, 746, 595, 422, 315, 721, 1201, 1929, 2994, 1259, 1319, 1015, 521, 884, 350, 1485, 290, 314, 435, 1033, 827, 1009, 377, 198])]]

 [[list([33, 9, 0, 1205]) list([])
   list([0, 318, 6, 13, 0, 1261, 166, 334, 1204, 175, 33, 100])]
  [list([]) list([]) list([])]
  [list([13, 9, 173, 98, 4, 23, 135, 9, 260, 4, 245]) list([])
   list([180, 68, 563, 112, 330, 620, 16, 339, 141, 2, 572, 15, 1052, 2711, 763, 307, 875, 22, 313, 23, 21, 71, 136, 66, 155, 19, 789, 7, 68])]]

 [[list([446, 515, 270, 219]) list([])
   list([68, 267, 597, 587, 690, 672, 252, 815, 611, 96, 247, 219])]
  [list([]) list([]) list([])]
  [list([615, 274, 137, 757, 760, 149, 263, 219, 319, 413, 558])
   list([])
   list([228, 334, 258, 333, 307, 332, 730, 256, 281, 313, 149, 1186, 877, 283, 496, 1012, 140, 499, 571, 327, 1464, 219, 178, 369, 878, 808, 220, 370, 130])]]]
[ 8694.  1440. 19537. 16924.]
Processing vid 0 : ./tchakamau\Density_matchedboth\45693_15Vpp_0_hasslipsitwontcatchandorbits.avi
T threshold: 60.0
C threshold: 22
[[23.  0. 13.]
 [ 0.  0.  0.]
 [14.  0. 12.]]
[[[list([1023, 773, 626, 1079, 915, 372, 443, 819, 161, 231, 445, 460, 1590, 715, 2694, 1009, 259, 900, 289, 554, 2890, 461, 2782])
   list([])
   list([643, 2293, 2332, 1576, 486, 362, 253, 231, 963, 4710, 920, 363, 2190])]
  [list([]) list([]) list([])]
  [list([1405, 125, 2204, 1496, 2153, 49, 506, 298, 417, 973, 1219, 2434, 821, 352])
   list([])
   list([647, 446, 171, 367, 1907, 627, 237, 345, 479, 405, 1430, 755])]]

 [[list([131, 290, 483, 623, 194, 177, 76, 304, 13, 8, 54, 78, 205, 175, 92, 644, 3, 405, 0, 242, 2587, 21, 123])
   list([])
   list([22, 684, 19, 1094, 366, 142, 17, 119, 777, 1577, 482, 40, 1193])]
  [list([]) list([]) list([])]
  [list([1, 2, 4, 27, 5, 3, 289, 62, 15, 3, 0, 158, 12, 104]) list([])
   list([362, 61, 0, 5, 1, 6, 23, 1, 9, 195, 37, 170])]]

 [[list([892, 483, 143, 456, 721, 195, 367, 515, 148, 223, 391, 382, 1385, 540, 2602, 365, 256, 495, 289, 312, 303, 440, 2659])
   list([])
   list([621, 1609, 2313, 482, 120, 220, 236, 112, 186, 3133, 438, 323, 997])]
  [list([]) list([]) list([])]
  [list([1404, 123, 2200, 1469, 2148, 46, 217, 236, 402, 970, 1219, 2276, 809, 248])
   list([])
   list([285, 385, 171, 362, 1906, 621, 214, 344, 470, 210, 1393, 585])]]]
[18550.   611. 18075. 31064.]
Processing vid 1 : ./tchakamau\Density_matchedboth\45693_15Vpp_1.avi
T threshold: 60.0
C threshold: 22
[[ 4.  0.  9.]
 [ 1.  4.  3.]
 [ 9.  4. 15.]]
[[[list([10267, 1137, 1136, 729]) list([])
   list([150, 302, 348, 580, 71, 447, 915, 431, 1835])]
  [list([894]) list([183, 604, 366, 300]) list([1366, 326, 943])]
  [list([2017, 206, 1003, 190, 1079, 269, 67, 699, 430])
   list([346, 598, 1022, 3259])
   list([370, 441, 542, 3040, 262, 500, 1338, 1566, 322, 442, 2162, 591, 648, 640, 1157])]]

 [[list([9566, 276, 462, 292]) list([])
   list([73, 230, 145, 252, 48, 299, 56, 295, 1473])]
  [list([34]) list([1, 170, 0, 6]) list([2, 153, 3])]
  [list([1872, 5, 353, 55, 866, 183, 3, 485, 8])
   list([199, 84, 269, 2518])
   list([1, 2, 240, 2640, 51, 251, 1004, 652, 6, 222, 1977, 7, 477, 134, 782])]]

 [[list([701, 861, 674, 437]) list([])
   list([77, 72, 203, 328, 23, 148, 859, 136, 362])]
  [list([860]) list([182, 434, 366, 294]) list([1364, 173, 940])]
  [list([145, 201, 650, 135, 213, 86, 64, 214, 422])
   list([147, 514, 753, 741])
   list([369, 439, 302, 400, 211, 249, 334, 914, 316, 220, 185, 584, 171, 506, 375])]]]
[15659.  2148. 17881. 15716.]
Processing vid 2 : ./tchakamau\Density_matchedboth\45693_15Vpp_2.avi
T threshold: 60.0
C threshold: 22
[[9. 1. 6.]
 [0. 0. 1.]
 [6. 0. 2.]]
[[[list([637, 627, 821, 433, 537, 451, 528, 412, 1052]) list([2858])
   list([28, 600, 752, 698, 1086, 4162])]
  [list([]) list([]) list([589])]
  [list([323, 634, 1643, 1374, 69, 1323]) list([]) list([1340, 1252])]]

 [[list([0, 410, 454, 2, 332, 13, 364, 36, 708]) list([2547])
   list([5, 532, 53, 594, 713, 4059])]
  [list([]) list([]) list([221])]
  [list([178, 532, 1545, 787, 2, 826]) list([]) list([948, 374])]]

 [[list([637, 217, 367, 431, 205, 438, 164, 376, 344]) list([311])
   list([23, 68, 699, 104, 373, 103])]
  [list([]) list([]) list([368])]
  [list([145, 102, 98, 587, 67, 497]) list([]) list([392, 878])]]]
[11758.   353.  6593.  6338.]
Processing vid 3 : ./tchakamau\Density_matchedboth\45693_15Vpp_3.avi
T threshold: 60.0
C threshold: 22
[[0. 0. 3.]
 [0. 0. 0.]
 [3. 0. 5.]]
[[[list([]) list([]) list([431, 1562, 271])]
  [list([]) list([]) list([])]
  [list([2260, 1122, 285]) list([]) list([2490, 338, 2316, 526, 1431])]]

 [[list([]) list([]) list([257, 56, 70])]
  [list([]) list([]) list([])]
  [list([1819, 1086, 78]) list([]) list([2194, 77, 2052, 106, 1235])]]

 [[list([]) list([]) list([174, 1506, 201])]
  [list([]) list([]) list([])]
  [list([441, 36, 207]) list([]) list([296, 261, 264, 420, 196])]]]
[9.7400e+02 1.3000e+01 1.4863e+04 3.5740e+03]
Processing vid 4 : ./tchakamau\Density_matchedboth\45693_15Vpp_4.avi
T threshold: 60.0
C threshold: 22
[[ 0.  0.  4.]
 [ 0.  7.  2.]
 [ 4.  2. 11.]]
[[[list([]) list([]) list([69, 2464, 1872, 1890])]
  [list([]) list([543, 492, 578, 288, 317, 447, 369]) list([742, 271])]
  [list([2901, 1497, 2921, 985]) list([435, 670])
   list([2964, 624, 319, 465, 1117, 1220, 955, 1040, 878, 352, 530])]]

 [[list([]) list([]) list([6, 2030, 696, 1226])]
  [list([]) list([345, 2, 303, 125, 20, 159, 150]) list([6, 0])]
  [list([2788, 732, 2736, 774]) list([187, 102])
   list([2721, 300, 3, 79, 873, 770, 206, 550, 689, 45, 72])]]

 [[list([]) list([]) list([63, 434, 1176, 664])]
  [list([]) list([198, 490, 275, 163, 297, 288, 219]) list([736, 271])]
  [list([113, 765, 185, 211]) list([248, 568])
   list([243, 324, 316, 386, 244, 450, 749, 490, 189, 307, 458])]]]
[ 4235.  2653. 15661.  9754.]
Processing vid 5 : ./tchakamau\Density_matchedboth\45693_15Vpp_5_pushed.avi
T threshold: 60.0
C threshold: 22
[[ 2.  0.  9.]
 [ 0.  9.  3.]
 [ 9.  4. 31.]]
[[[list([3313, 732]) list([])
   list([454, 3409, 24, 295, 340, 2419, 686, 309, 1598])]
  [list([]) list([393, 611, 813, 508, 240, 604, 344, 445, 997])
   list([500, 504, 370])]
  [list([319, 1198, 226, 2214, 335, 344, 1101, 276, 345])
   list([359, 384, 113, 881])
   list([4495, 3528, 1050, 1165, 398, 3212, 272, 307, 283, 1218, 1008, 250, 1006, 439, 1084, 620, 622, 274, 441, 617, 2016, 880, 1200, 260, 906, 319, 856, 463, 999, 312, 1078])]]

 [[list([3073, 455]) list([])
   list([0, 2388, 1, 127, 229, 1639, 55, 50, 1504])]
  [list([]) list([196, 352, 1, 151, 15, 411, 138, 3, 543])
   list([188, 4, 20])]
  [list([165, 1094, 203, 1349, 221, 175, 759, 191, 40])
   list([109, 263, 72, 381])
   list([0, 3353, 273, 1065, 195, 2605, 57, 79, 7, 944, 713, 56, 869, 200, 808, 104, 158, 14, 221, 21, 1404, 216, 801, 66, 522, 38, 475, 317, 834, 2, 852])]]

 [[list([240, 277]) list([])
   list([454, 1021, 23, 168, 111, 780, 631, 259, 94])]
  [list([]) list([197, 259, 812, 357, 225, 193, 206, 442, 454])
   list([312, 500, 350])]
  [list([154, 104, 23, 865, 114, 169, 342, 85, 305])
   list([250, 121, 41, 500])
   list([4495, 175, 777, 100, 203, 607, 215, 228, 276, 274, 295, 194, 137, 239, 276, 516, 464, 260, 220, 596, 612, 664, 399, 194, 384, 281, 381, 146, 165, 310, 226])]]]
[10169.  4898. 26455. 26134.]
Processing vid 6 : ./tchakamau\Density_matchedboth\45693_15Vpp_6.avi
T threshold: 60.0
C threshold: 22
[[ 0.  1.  8.]
 [ 0. 18.  6.]
 [10.  4. 31.]]
[[[list([]) list([689]) list([311, 138, 1575, 772, 1094, 288, 791, 120])]
  [list([])
   list([424, 289, 1168, 184, 445, 310, 343, 1343, 675, 618, 485, 479, 494, 395, 717, 212, 528, 474])
   list([341, 380, 213, 220, 622, 390])]
  [list([738, 756, 710, 2474, 94, 188, 451, 1323, 406, 683])
   list([3687, 773, 311, 310])
   list([183, 516, 1095, 314, 1483, 931, 329, 247, 477, 601, 526, 913, 152, 598, 355, 898, 445, 1050, 1141, 340, 1268, 737, 1100, 805, 1431, 293, 250, 1053, 3292, 968, 595])]]

 [[list([]) list([172]) list([288, 0, 874, 132, 964, 5, 624, 2])]
  [list([])
   list([0, 0, 817, 2, 328, 54, 146, 1141, 99, 1, 11, 157, 4, 41, 3, 3, 4, 162])
   list([2, 64, 0, 11, 239, 205])]
  [list([615, 466, 629, 1837, 35, 123, 31, 1086, 198, 91])
   list([3124, 448, 20, 147])
   list([55, 312, 899, 150, 1206, 638, 80, 0, 42, 441, 272, 640, 3, 127, 147, 646, 68, 585, 941, 153, 437, 412, 804, 645, 1051, 8, 94, 421, 2745, 768, 365])]]

 [[list([]) list([517]) list([23, 138, 701, 640, 130, 283, 167, 118])]
  [list([])
   list([424, 289, 351, 182, 117, 256, 197, 202, 576, 617, 474, 322, 490, 354, 714, 209, 524, 312])
   list([339, 316, 213, 209, 383, 185])]
  [list([123, 290, 81, 637, 59, 65, 420, 237, 208, 592])
   list([563, 325, 291, 163])
   list([128, 204, 196, 164, 277, 293, 249, 247, 435, 160, 254, 273, 149, 471, 208, 252, 377, 465, 200, 187, 831, 325, 296, 160, 380, 285, 156, 632, 547, 200, 230])]]]
[ 4019.  7859. 28343. 20513.]
Processing vid 7 : ./tchakamau\Density_matchedboth\45693_15Vpp_7.avi
T threshold: 60.0
C threshold: 22
[[ 0.  0.  7.]
 [ 0.  0.  2.]
 [ 7.  2. 15.]]
[[[list([]) list([]) list([2156, 47, 2043, 888, 421, 233, 122])]
  [list([]) list([]) list([145, 153])]
  [list([1250, 258, 472, 1175, 780, 1287, 235]) list([364, 1131])
   list([299, 94, 188, 1312, 705, 1888, 206, 399, 367, 823, 1312, 1631, 437, 355, 526])]]

 [[list([]) list([]) list([1961, 4, 1371, 832, 1, 58, 50])]
  [list([]) list([]) list([95, 3])]
  [list([921, 169, 429, 539, 535, 1056, 81]) list([281, 35])
   list([105, 6, 0, 934, 501, 1731, 42, 67, 94, 10, 29, 988, 1, 148, 2])]]

 [[list([]) list([]) list([195, 43, 672, 56, 420, 175, 72])]
  [list([]) list([]) list([50, 150])]
  [list([329, 89, 43, 636, 245, 231, 154]) list([83, 1096])
   list([194, 88, 188, 378, 204, 157, 164, 332, 273, 813, 1283, 643, 436, 207, 524])]]]
[ 4626.  1949. 11526.  7576.]
Processing vid 8 : ./tchakamau\Density_matchedboth\45693_15Vpp_8_c.avi
T threshold: 60.0
C threshold: 22
[[1. 0. 1.]
 [0. 0. 1.]
 [0. 1. 3.]]
[[[list([3297]) list([]) list([6230])]
  [list([]) list([]) list([582])]
  [list([]) list([1281]) list([450, 612, 361])]]

 [[list([2807]) list([]) list([5349])]
  [list([]) list([]) list([6])]
  [list([]) list([317]) list([23, 375, 101])]]

 [[list([490]) list([]) list([881])]
  [list([]) list([]) list([576])]
  [list([]) list([964]) list([427, 237, 260])]]]
[7897.  421. 2872. 2254.]
Processing vid 9 : ./tchakamau\Density_matchedboth\45693_15Vpp_8_d.avi
T threshold: 60.0
C threshold: 22
[[ 5.  0. 18.]
 [ 0.  0.  1.]
 [17.  1. 15.]]
[[[list([255, 561, 313, 402, 524]) list([])
   list([55, 482, 350, 600, 82, 129, 1832, 27, 495, 1019, 1815, 479, 195, 280, 1743, 210, 266, 69])]
  [list([]) list([]) list([282])]
  [list([599, 383, 310, 1078, 133, 389, 136, 172, 398, 1095, 852, 417, 75, 1818, 674, 875, 63])
   list([4897])
   list([810, 285, 1266, 637, 538, 467, 595, 1922, 1841, 521, 350, 1383, 901, 746, 1467])]]

 [[list([33, 13, 2, 46, 47]) list([])
   list([0, 360, 269, 54, 5, 2, 1336, 4, 256, 449, 1217, 396, 13, 46, 1562, 1, 7, 5])]
  [list([]) list([]) list([1])]
  [list([174, 154, 186, 981, 45, 144, 39, 36, 202, 889, 754, 17, 3, 1273, 533, 785, 27])
   list([4703])
   list([489, 9, 1069, 343, 0, 202, 352, 749, 1065, 35, 36, 34, 36, 32, 1110])]]

 [[list([222, 548, 311, 356, 477]) list([])
   list([55, 122, 81, 546, 77, 127, 496, 23, 239, 570, 598, 83, 182, 234, 181, 209, 259, 64])]
  [list([]) list([]) list([281])]
  [list([425, 229, 124, 97, 88, 245, 97, 136, 196, 206, 98, 400, 72, 545, 141, 90, 36])
   list([194])
   list([321, 276, 197, 294, 538, 265, 243, 1173, 776, 486, 314, 1349, 865, 714, 357])]]]
[ 8694.  1440. 19537. 16924.]
Processing vid 0 : ./tchakamau\Density_matchedboth\45693_15Vpp_0_hasslipsitwontcatchandorbits.avi
T threshold: 60.0
C threshold: 35
[[28.  0.  4.]
 [ 0.  0.  0.]
 [ 5.  0.  3.]]
[[[list([1023, 768, 773, 626, 1128, 866, 372, 4497, 443, 3887, 5024, 868, 392, 1760, 445, 2765, 759, 2770, 534, 787, 3225, 1189, 554, 1184, 2436, 454, 814, 2676])
   list([]) list([253, 231, 3951, 1837])]
  [list([]) list([]) list([])]
  [list([5226, 298, 593, 2626, 1213]) list([]) list([357, 1242, 247])]]

 [[list([15, 9, 277, 470, 419, 39, 9, 381, 63, 6, 1022, 4, 0, 588, 41, 65, 466, 79, 1, 21, 340, 392, 229, 27, 2217, 138, 8, 4])
   list([]) list([4, 106, 640, 699])]
  [list([]) list([]) list([])]
  [list([5, 49, 2, 1, 101]) list([]) list([0, 10, 1])]]

 [[list([1008, 759, 496, 156, 709, 827, 363, 4116, 380, 3881, 4002, 864, 392, 1172, 404, 2700, 293, 2691, 533, 766, 2885, 797, 325, 1157, 219, 316, 806, 2672])
   list([]) list([249, 125, 3311, 1138])]
  [list([]) list([]) list([])]
  [list([5221, 249, 591, 2625, 1112]) list([]) list([357, 1232, 246])]]]
[18550.   611. 18075. 31064.]
Processing vid 1 : ./tchakamau\Density_matchedboth\45693_15Vpp_1.avi
T threshold: 60.0
C threshold: 35
[[ 4.  0.  8.]
 [ 0.  0.  0.]
 [ 9.  0. 13.]]
[[[list([10267, 989, 1177, 732]) list([])
   list([1440, 404, 676, 71, 769, 874, 638, 1860])]
  [list([]) list([]) list([])]
  [list([2059, 1003, 667, 1079, 263, 864, 699, 4111, 1577]) list([])
   list([684, 1570, 3040, 1192, 296, 907, 1720, 505, 688, 1205, 648, 640, 3288])]]

 [[list([9553, 61, 336, 229]) list([])
   list([31, 94, 173, 2, 190, 2, 282, 1341])]
  [list([]) list([]) list([])]
  [list([1872, 340, 88, 734, 16, 8, 74, 2060, 609]) list([])
   list([4, 44, 2241, 15, 25, 72, 639, 209, 271, 968, 464, 121, 49])]]

 [[list([714, 928, 841, 503]) list([])
   list([1409, 310, 503, 69, 579, 872, 356, 519])]
  [list([]) list([]) list([])]
  [list([187, 663, 579, 345, 247, 856, 625, 2051, 968]) list([])
   list([680, 1526, 799, 1177, 271, 835, 1081, 296, 417, 237, 184, 519, 3239])]]]
[15659.  2148. 17881. 15716.]
Processing vid 2 : ./tchakamau\Density_matchedboth\45693_15Vpp_2.avi
T threshold: 60.0
C threshold: 35
[[6. 1. 5.]
 [0. 0. 1.]
 [5. 0. 2.]]
[[[list([1429, 362, 451, 563, 1179, 1052]) list([2871])
   list([827, 851, 717, 1086, 4121])]
  [list([]) list([]) list([589])]
  [list([960, 462, 1542, 1374, 1364]) list([]) list([1340, 1102])]]

 [[list([441, 144, 0, 313, 423, 663]) list([2547])
   list([397, 519, 5, 700, 4005])]
  [list([]) list([]) list([1])]
  [list([165, 347, 1431, 774, 768]) list([]) list([910, 110])]]

 [[list([988, 218, 451, 250, 756, 389]) list([324])
   list([430, 332, 712, 386, 116])]
  [list([]) list([]) list([588])]
  [list([795, 115, 111, 600, 596]) list([]) list([430, 992])]]]
[11758.   353.  6593.  6338.]
Processing vid 3 : ./tchakamau\Density_matchedboth\45693_15Vpp_3.avi
T threshold: 60.0
C threshold: 35
[[0. 0. 3.]
 [0. 0. 0.]
 [3. 0. 8.]]
[[[list([]) list([]) list([1027, 1562, 268])]
  [list([]) list([]) list([])]
  [list([693, 355, 267]) list([])
   list([1887, 616, 338, 499, 1239, 2366, 777, 1207])]]

 [[list([]) list([]) list([37, 43, 25])]
  [list([]) list([]) list([])]
  [list([68, 306, 15]) list([])
   list([1386, 307, 64, 154, 738, 1755, 64, 942])]]

 [[list([]) list([]) list([990, 1519, 243])]
  [list([]) list([]) list([])]
  [list([625, 49, 252]) list([])
   list([501, 309, 274, 345, 501, 611, 713, 265])]]]
[9.7400e+02 1.3000e+01 1.4863e+04 3.5740e+03]