Processing vid 0 : ./tchakamau\Density_matchedethylene\45693_15Vpp_10.avi
T threshold: 30.0
C threshold: 20
[[25.  5.]
 [ 5.  6.]]
[[[list([1908, 841, 1189, 1154, 928, 1163, 430, 430, 589, 1075, 280, 1142, 3608, 11098, 1486, 1158, 337, 77, 1106, 666, 198, 232, 2028, 4061, 250])
   list([1681, 411, 191, 704, 236])]
  [list([952, 112, 298, 3289, 431]) list([256, 181, 648, 263, 753, 615])]]

 [[list([1460, 680, 915, 277, 660, 797, 99, 342, 126, 818, 193, 780, 2323, 10429, 1292, 163, 235, 5, 930, 503, 142, 20, 16, 3979, 33])
   list([744, 84, 68, 51, 2])]
  [list([447, 12, 153, 1541, 7]) list([193, 51, 543, 45, 586, 3])]]

 [[list([448, 161, 274, 877, 268, 366, 331, 88, 463, 257, 87, 362, 1285, 669, 194, 995, 102, 72, 176, 163, 56, 212, 2012, 82, 217])
   list([937, 327, 123, 653, 234])]
  [list([505, 100, 145, 1748, 424]) list([63, 130, 105, 218, 167, 612])]]]
[27758.  3859.  2383.]
Processing vid 1 : ./tchakamau\Density_matchedethylene\45693_15Vpp_11_pushedatstart.avi
T threshold: 30.0
C threshold: 20
[[17.  6.]
 [ 7.  3.]]
[[[list([2583, 2443, 487, 558, 502, 407, 545, 1457, 6395, 588, 166, 2193, 418, 1186, 692, 145, 4679])
   list([1768, 626, 1604, 215, 708, 384])]
  [list([668, 544, 658, 2808, 42, 865, 951]) list([144, 2905, 1131])]]

 [[list([712, 1861, 198, 346, 443, 28, 310, 1353, 6280, 27, 60, 1801, 166, 842, 320, 12, 3950])
   list([706, 419, 739, 61, 628, 261])]
  [list([120, 3, 139, 2182, 18, 215, 210]) list([0, 2785, 681])]]

 [[list([1871, 582, 289, 212, 59, 379, 235, 104, 115, 561, 106, 392, 252, 344, 372, 133, 729])
   list([1062, 207, 865, 154, 80, 123])]
  [list([548, 541, 519, 626, 24, 650, 741]) list([144, 120, 450])]]]
[25165.  6594.  1807.]
Processing vid 2 : ./tchakamau\Density_matchedethylene\45693_15Vpp_12.avi
T threshold: 30.0
C threshold: 20
[[14. 10.]
 [11. 17.]]
[[[list([260, 281, 1864, 1273, 184, 538, 349, 148, 885, 1397, 3146, 731, 401, 3215])
   list([1047, 308, 6699, 537, 1061, 563, 117, 667, 1463, 1085])]
  [list([108, 1016, 882, 811, 288, 669, 197, 598, 3244, 1019, 2055])
   list([15541, 258, 421, 548, 525, 1378, 749, 690, 160, 673, 891, 534, 618, 512, 264, 1373, 5217])]]

 [[list([100, 91, 83, 775, 78, 104, 129, 83, 543, 701, 2919, 630, 147, 2961])
   list([5, 116, 6355, 18, 30, 11, 34, 0, 65, 94])]
  [list([66, 469, 147, 121, 239, 45, 132, 223, 3038, 307, 570])
   list([15303, 190, 332, 99, 473, 284, 679, 492, 31, 49, 662, 289, 528, 329, 101, 1043, 5104])]]

 [[list([160, 190, 1781, 498, 106, 434, 220, 65, 342, 696, 227, 101, 254, 254])
   list([1042, 192, 344, 519, 1031, 552, 83, 667, 1398, 991])]
  [list([42, 547, 735, 690, 49, 624, 65, 375, 206, 712, 1485])
   list([238, 68, 89, 449, 52, 1094, 70, 198, 129, 624, 229, 245, 90, 183, 163, 330, 113])]]]
[17004. 31739.   944.]
Processing vid 3 : ./tchakamau\Density_matchedethylene\45693_15Vpp_5.avi
T threshold: 30.0
C threshold: 20
[[12.  2.]
 [ 2.  8.]]
[[[list([7658, 767, 859, 1247, 275, 261, 1213, 1260, 1081, 565, 169, 1122])
   list([1223, 928])]
  [list([1565, 808]) list([1389, 245, 737, 3241, 455, 200, 238, 512])]]

 [[list([7407, 72, 420, 128, 139, 16, 0, 1054, 44, 410, 10, 20])
   list([56, 60])]
  [list([775, 132]) list([1257, 74, 89, 2683, 404, 90, 46, 13])]]

 [[list([251, 695, 439, 1119, 136, 245, 1213, 206, 1037, 155, 159, 1102])
   list([1167, 868])]
  [list([790, 676]) list([132, 171, 648, 558, 51, 110, 192, 499])]]]
[10833.  5901.   492.]
Processing vid 4 : ./tchakamau\Density_matchedethylene\45693_15Vpp_6.avi
T threshold: 30.0
C threshold: 20
[[3. 0.]
 [0. 0.]]
[[[list([4964, 3503, 670]) list([])]
  [list([]) list([])]]

 [[list([3964, 420, 366]) list([])]
  [list([]) list([])]]

 [[list([1000, 3083, 304]) list([])]
  [list([]) list([])]]]
[4.776e+03 2.000e+00 1.780e+02]
Processing vid 5 : ./tchakamau\Density_matchedethylene\45693_15Vpp_7.avi
T threshold: 30.0
C threshold: 20
[[4. 1.]
 [0. 0.]]
[[[list([4101, 1082, 994, 1331]) list([3167])]
  [list([]) list([])]]

 [[list([3759, 313, 872, 69]) list([2315])]
  [list([]) list([])]]

 [[list([342, 769, 122, 1262]) list([852])]
  [list([]) list([])]]]
[7028.  828.  381.]
Processing vid 6 : ./tchakamau\Density_matchedethylene\45693_15Vpp_8_pushedatstart.avi
T threshold: 30.0
C threshold: 20
[[5. 2.]
 [2. 0.]]
[[[list([522, 1398, 33016, 4288, 889]) list([1209, 188])]
  [list([394, 547]) list([])]]

 [[list([364, 652, 31093, 3572, 323]) list([1102, 74])]
  [list([292, 44]) list([])]]

 [[list([158, 746, 1923, 716, 566]) list([107, 114])]
  [list([102, 503]) list([])]]]
[37984.   420.   381.]
Processing vid 7 : ./tchakamau\Density_matchedethylene\45693_15Vpp_9.avi
T threshold: 30.0
C threshold: 20
[[8. 0.]
 [1. 1.]]
[[[list([1741, 434, 130, 3098, 1617, 3898, 1140, 495]) list([])]
  [list([2085]) list([6224])]]

 [[list([1055, 94, 12, 4, 511, 732, 200, 434]) list([])]
  [list([389]) list([2089])]]

 [[list([686, 340, 118, 3094, 1106, 3166, 940, 61]) list([])]
  [list([1696]) list([4135])]]]
[3307. 2533.  137.]
Processing vid 8 : ./tchakamau\Density_matchedethylene\45696_15Vpp_0.avi
T threshold: 30.0
C threshold: 20
[[0. 1.]
 [1. 1.]]
[[[list([]) list([508])]
  [list([1465]) list([181])]]

 [[list([]) list([367])]
  [list([887]) list([91])]]

 [[list([]) list([141])]
  [list([578]) list([90])]]]
[1878. 1031.  142.]
Processing vid 9 : ./tchakamau\Density_matchedethylene\45696_15Vpp_1.avi
T threshold: 30.0
C threshold: 20
[[6. 0.]
 [0. 0.]]
[[[list([2083, 1394, 999, 5232, 629, 758]) list([])]
  [list([]) list([])]]

 [[list([1547, 144, 445, 5149, 274, 135]) list([])]
  [list([]) list([])]]

 [[list([536, 1250, 554, 83, 355, 623]) list([])]
  [list([]) list([])]]]
[7.769e+03 1.000e+00 9.640e+02]
Processing vid 10 : ./tchakamau\Density_matchedethylene\45696_15Vpp_2.avi
T threshold: 30.0
C threshold: 20
[[5. 3.]
 [3. 0.]]
[[[list([697, 1019, 615, 646, 1631]) list([1476, 675, 549])]
  [list([501, 624, 2776]) list([])]]

 [[list([149, 295, 97, 221, 641]) list([1365, 150, 0])]
  [list([64, 371, 2390]) list([])]]

 [[list([548, 724, 518, 425, 990]) list([111, 525, 549])]
  [list([437, 253, 386]) list([])]]]
[16959.  2902.  4195.]
Processing vid 11 : ./tchakamau\Density_matchedethylene\45696_15Vpp_3.avi
T threshold: 30.0
C threshold: 20
[[8. 2.]
 [3. 3.]]
[[[list([447, 369, 390, 85, 369, 484, 490, 550]) list([304, 233])]
  [list([5882, 535, 267]) list([567, 857, 99])]]

 [[list([327, 245, 198, 0, 15, 79, 108, 162]) list([94, 51])]
  [list([5276, 83, 100]) list([209, 511, 41])]]

 [[list([120, 124, 192, 85, 354, 405, 382, 388]) list([210, 182])]
  [list([606, 452, 167]) list([358, 346, 58])]]]
[1870. 6384.  659.]
Processing vid 12 : ./tchakamau\Density_matchedethylene\45722_15Vpp_4.avi
T threshold: 30.0
C threshold: 20
[[1. 3.]
 [4. 6.]]
[[[list([226]) list([2414, 320, 199])]
  [list([6590, 603, 723, 101]) list([173, 2566, 585, 332, 514, 177])]]

 [[list([46]) list([2223, 229, 26])]
  [list([5474, 5, 259, 59]) list([86, 2230, 483, 8, 87, 11])]]

 [[list([180]) list([191, 91, 173])]
  [list([1116, 598, 464, 42]) list([87, 336, 102, 324, 427, 166])]]]
[2717. 8913.  279.]
Processing vid 0 : ./tchakamau\Density_matchedethylene\45693_15Vpp_10.avi
T threshold: 30.0
C threshold: 30
[[24.  4.]
 [ 4.  5.]]
[[[list([1918, 841, 1189, 1154, 986, 1154, 430, 430, 589, 1075, 280, 1171, 3631, 11046, 1486, 1251, 321, 1081, 659, 198, 232, 2054, 4707, 245])
   list([1675, 411, 191, 704])]
  [list([909, 112, 298, 3321]) list([256, 181, 648, 263, 1368])]]

 [[list([1460, 670, 905, 267, 650, 778, 89, 332, 116, 808, 183, 770, 2284, 10367, 1282, 153, 132, 888, 486, 132, 10, 6, 3943, 18])
   list([676, 74, 58, 41])]
  [list([385, 2, 143, 1531]) list([162, 41, 533, 35, 576])]]

 [[list([458, 171, 284, 887, 336, 376, 341, 98, 473, 267, 97, 401, 1347, 679, 204, 1098, 189, 193, 173, 66, 222, 2048, 764, 227])
   list([999, 337, 133, 663])]
  [list([524, 110, 155, 1790]) list([94, 140, 115, 228, 792])]]]
[27758.  3859.  2383.]
Processing vid 1 : ./tchakamau\Density_matchedethylene\45693_15Vpp_11_pushedatstart.avi
T threshold: 30.0
C threshold: 30
[[17.  6.]
 [ 7.  1.]]
[[[list([2583, 2443, 590, 455, 502, 407, 545, 1457, 6395, 592, 162, 2268, 343, 1161, 692, 145, 4679])
   list([1912, 626, 1604, 185, 752, 419])]
  [list([678, 3449, 683, 2838, 42, 821, 916]) list([1131])]]

 [[list([702, 1851, 188, 233, 433, 18, 300, 1343, 6270, 17, 46, 1791, 81, 807, 310, 2, 3940])
   list([696, 383, 729, 21, 618, 251])]
  [list([120, 2775, 129, 2172, 8, 161, 11]) list([671])]]

 [[list([1881, 592, 402, 222, 69, 389, 245, 114, 125, 575, 116, 477, 262, 354, 382, 143, 739])
   list([1216, 243, 875, 164, 134, 168])]
  [list([558, 674, 554, 666, 34, 660, 905]) list([460])]]]
[25165.  6594.  1807.]
Processing vid 2 : ./tchakamau\Density_matchedethylene\45693_15Vpp_12.avi
T threshold: 30.0
C threshold: 30
[[11.  9.]
 [10. 18.]]
[[[list([281, 1864, 1273, 184, 538, 352, 157, 1397, 731, 401, 3215])
   list([308, 6699, 571, 1049, 1448, 117, 3813, 1463, 1085])]
  [list([1276, 882, 811, 288, 669, 197, 556, 3244, 1019, 2055])
   list([15551, 258, 1155, 421, 514, 567, 1336, 749, 690, 160, 673, 891, 534, 667, 463, 306, 1373, 5217])]]

 [[list([81, 73, 765, 68, 94, 119, 70, 691, 620, 137, 2951])
   list([106, 6345, 8, 8, 533, 24, 2909, 55, 84])]
  [list([459, 137, 111, 229, 35, 122, 171, 3028, 297, 560])
   list([15303, 180, 56, 322, 55, 463, 232, 643, 482, 21, 39, 652, 279, 518, 270, 91, 1033, 5094])]]

 [[list([200, 1791, 508, 116, 444, 233, 87, 706, 111, 264, 264])
   list([202, 354, 563, 1041, 915, 93, 904, 1408, 1001])]
  [list([817, 745, 700, 59, 634, 75, 385, 216, 722, 1495])
   list([248, 78, 1099, 99, 459, 104, 1104, 106, 208, 139, 634, 239, 255, 149, 193, 215, 340, 123])]]]
[17004. 31739.   944.]
Processing vid 3 : ./tchakamau\Density_matchedethylene\45693_15Vpp_5.avi
T threshold: 30.0
C threshold: 30
[[11.  2.]
 [ 2.  8.]]
[[[list([7668, 767, 859, 1247, 275, 1474, 1260, 1081, 565, 169, 1122])
   list([1260, 928])]
  [list([1528, 808]) list([1389, 289, 693, 3241, 455, 200, 238, 512])]]

 [[list([7407, 62, 410, 118, 107, 6, 1044, 34, 400, 0, 10])
   list([2, 50])]
  [list([728, 122]) list([1247, 64, 35, 2673, 394, 80, 36, 3])]]

 [[list([261, 705, 449, 1129, 168, 1468, 216, 1047, 165, 169, 1112])
   list([1258, 878])]
  [list([800, 686]) list([142, 225, 658, 568, 61, 120, 202, 509])]]]
[10833.  5901.   492.]
Processing vid 4 : ./tchakamau\Density_matchedethylene\45693_15Vpp_6.avi
T threshold: 30.0
C threshold: 30
[[3. 0.]
 [0. 0.]]
[[[list([4974, 302, 3202]) list([])]
  [list([]) list([])]]

 [[list([3964, 210, 108]) list([])]
  [list([]) list([])]]

 [[list([1010, 92, 3094]) list([])]
  [list([]) list([])]]]
[4.776e+03 2.000e+00 1.780e+02]
Processing vid 5 : ./tchakamau\Density_matchedethylene\45693_15Vpp_7.avi
T threshold: 30.0
C threshold: 30
[[4. 1.]
 [0. 0.]]
[[[list([4118, 1107, 962, 1331]) list([3167])]
  [list([]) list([])]]

 [[list([3759, 296, 830, 59]) list([2282])]
  [list([]) list([])]]

 [[list([359, 811, 132, 1272]) list([885])]
  [list([]) list([])]]]
[7028.  828.  381.]
Processing vid 6 : ./tchakamau\Density_matchedethylene\45693_15Vpp_8_pushedatstart.avi
T threshold: 30.0
C threshold: 30
[[5. 2.]
 [2. 0.]]
[[[list([532, 1313, 33016, 4288, 889]) list([1209, 188])]
  [list([479, 547]) list([])]]

 [[list([364, 557, 31083, 3562, 313]) list([1092, 64])]
  [list([282, 34]) list([])]]

 [[list([168, 756, 1933, 726, 576]) list([117, 124])]
  [list([197, 513]) list([])]]]
[37984.   420.   381.]
Processing vid 7 : ./tchakamau\Density_matchedethylene\45693_15Vpp_9.avi
T threshold: 30.0
C threshold: 30
[[6. 0.]
 [1. 1.]]
[[[list([1741, 434, 3232, 1613, 3898, 1140]) list([])]
  [list([2058]) list([6261])]]

 [[list([1045, 84, 2, 497, 722, 190]) list([])]
  [list([352]) list([2089])]]

 [[list([696, 350, 3230, 1116, 3176, 950]) list([])]
  [list([1706]) list([4172])]]]
[3307. 2533.  137.]
Processing vid 8 : ./tchakamau\Density_matchedethylene\45696_15Vpp_0.avi
T threshold: 30.0
C threshold: 30
[[0. 1.]
 [1. 1.]]
[[[list([]) list([559])]
  [list([1465]) list([140])]]

 [[list([]) list([367])]
  [list([877]) list([40])]]

 [[list([]) list([192])]
  [list([588]) list([100])]]]
[1878. 1031.  142.]
Processing vid 9 : ./tchakamau\Density_matchedethylene\45696_15Vpp_1.avi
T threshold: 30.0
C threshold: 30
[[6. 0.]
 [0. 0.]]
[[[list([2093, 1394, 999, 5232, 701, 686]) list([])]
  [list([]) list([])]]

 [[list([1547, 134, 435, 5139, 264, 53]) list([])]
  [list([]) list([])]]

 [[list([546, 1260, 564, 93, 437, 633]) list([])]
  [list([]) list([])]]]
[7.769e+03 1.000e+00 9.640e+02]
Processing vid 10 : ./tchakamau\Density_matchedethylene\45696_15Vpp_2.avi
T threshold: 30.0
C threshold: 30
[[6. 2.]
 [2. 1.]]
[[[list([1298, 662, 1019, 615, 646, 1669]) list([188, 675])]
  [list([536, 2776]) list([1173])]]

 [[list([1079, 104, 285, 87, 211, 631]) list([67, 140])]
  [list([54, 2356]) list([361])]]

 [[list([219, 558, 734, 528, 435, 1038]) list([121, 535])]
  [list([482, 420]) list([812])]]]
[16959.  2902.  4195.]
Processing vid 11 : ./tchakamau\Density_matchedethylene\45696_15Vpp_3.avi
T threshold: 30.0
C threshold: 30
[[7. 2.]
 [3. 3.]]
[[[list([447, 369, 475, 369, 485, 489, 450]) list([304, 259])]
  [list([5892, 635, 295]) list([567, 857, 73])]]

 [[list([317, 235, 188, 5, 69, 97, 52]) list([84, 41])]
  [list([5276, 73, 12]) list([199, 501, 5])]]

 [[list([130, 134, 287, 364, 416, 392, 398]) list([220, 218])]
  [list([616, 562, 283]) list([368, 356, 68])]]]
[1870. 6384.  659.]
Processing vid 12 : ./tchakamau\Density_matchedethylene\45722_15Vpp_4.avi
T threshold: 30.0
C threshold: 30
[[1. 2.]
 [3. 5.]]
[[[list([226]) list([2413, 263])]
  [list([6601, 1245, 101]) list([173, 2566, 1279, 489, 177])]]

 [[list([36]) list([2212, 162])]
  [list([5474, 473, 49]) list([76, 2220, 249, 52, 1])]]

 [[list([190]) list([201, 101])]
  [list([1127, 772, 52]) list([97, 346, 1030, 437, 176])]]]
[2717. 8913.  279.]
Processing vid 0 : ./tchakamau\Density_matchedethylene\45693_15Vpp_10.avi
T threshold: 60.0
C threshold: 20
[[19.  5.]
 [ 5.  4.]]
[[[list([1908, 2030, 1154, 928, 1163, 430, 589, 1075, 280, 1142, 3608, 11098, 1486, 1158, 337, 1106, 1096, 2028, 250])
   list([1681, 841, 191, 781, 4297])]
  [list([952, 112, 298, 3289, 431]) list([1085, 263, 753, 615])]]

 [[list([1460, 1756, 277, 660, 797, 99, 126, 818, 193, 780, 2323, 10429, 1292, 163, 235, 930, 884, 16, 33])
   list([744, 514, 68, 128, 4063])]
  [list([447, 12, 153, 1541, 7]) list([980, 45, 586, 3])]]

 [[list([448, 274, 877, 268, 366, 331, 463, 257, 87, 362, 1285, 669, 194, 995, 102, 176, 212, 2012, 217])
   list([937, 327, 123, 653, 234])]
  [list([505, 100, 145, 1748, 424]) list([105, 218, 167, 612])]]]
[27758.  3859.  2383.]
Processing vid 1 : ./tchakamau\Density_matchedethylene\45693_15Vpp_11_pushedatstart.avi
T threshold: 60.0
C threshold: 20
[[15.  6.]
 [ 7.  3.]]
[[[list([2583, 2443, 487, 558, 909, 545, 1457, 6983, 166, 2193, 418, 1186, 692, 145, 4679])
   list([1768, 626, 1604, 215, 708, 384])]
  [list([668, 544, 658, 2808, 42, 865, 951]) list([144, 2905, 1131])]]

 [[list([712, 1861, 198, 346, 530, 310, 1353, 6422, 60, 1801, 166, 842, 320, 12, 3950])
   list([706, 419, 739, 61, 628, 261])]
  [list([120, 3, 139, 2182, 18, 215, 210]) list([0, 2785, 681])]]

 [[list([1871, 582, 289, 212, 379, 235, 104, 561, 106, 392, 252, 344, 372, 133, 729])
   list([1062, 207, 865, 154, 80, 123])]
  [list([548, 541, 519, 626, 24, 650, 741]) list([144, 120, 450])]]]
[25165.  6594.  1807.]
Processing vid 2 : ./tchakamau\Density_matchedethylene\45693_15Vpp_12.avi
T threshold: 60.0
C threshold: 20
[[11. 10.]
 [11. 12.]]
[[[list([281, 1864, 1273, 184, 538, 349, 885, 1397, 3146, 1132, 3215])
   list([1047, 568, 6699, 537, 1209, 563, 117, 667, 1463, 1085])]
  [list([366, 1016, 882, 811, 288, 669, 197, 862, 3244, 1019, 2055])
   list([15541, 421, 548, 1903, 1439, 160, 673, 891, 534, 1130, 1373, 5217])]]

 [[list([91, 83, 775, 78, 104, 129, 543, 701, 2919, 878, 2961])
   list([5, 376, 6355, 18, 178, 11, 34, 0, 65, 94])]
  [list([324, 469, 147, 121, 239, 45, 132, 487, 3038, 307, 570])
   list([15303, 332, 99, 809, 1241, 31, 49, 662, 289, 947, 1043, 5104])]]

 [[list([190, 1781, 498, 106, 434, 220, 342, 696, 227, 254, 254])
   list([1042, 192, 344, 519, 1031, 552, 83, 667, 1398, 991])]
  [list([42, 547, 735, 690, 49, 624, 65, 375, 206, 712, 1485])
   list([238, 89, 449, 1094, 198, 129, 624, 229, 245, 183, 330, 113])]]]
[17004. 31739.   944.]
Processing vid 3 : ./tchakamau\Density_matchedethylene\45693_15Vpp_5.avi
T threshold: 60.0
C threshold: 20
[[12.  2.]
 [ 2.  6.]]
[[[list([7658, 767, 859, 1247, 275, 261, 1213, 1260, 1081, 565, 169, 1122])
   list([1223, 928])]
  [list([1565, 808]) list([1389, 982, 3241, 655, 238, 512])]]

 [[list([7407, 72, 420, 128, 139, 16, 0, 1054, 44, 410, 10, 20])
   list([56, 60])]
  [list([775, 132]) list([1257, 334, 2683, 545, 46, 13])]]

 [[list([251, 695, 439, 1119, 136, 245, 1213, 206, 1037, 155, 159, 1102])
   list([1167, 868])]
  [list([790, 676]) list([132, 648, 558, 110, 192, 499])]]]
[10833.  5901.   492.]
Processing vid 4 : ./tchakamau\Density_matchedethylene\45693_15Vpp_6.avi
T threshold: 60.0
C threshold: 20
[[3. 0.]
 [0. 0.]]
[[[list([4964, 3503, 670]) list([])]
  [list([]) list([])]]

 [[list([3964, 420, 366]) list([])]
  [list([]) list([])]]

 [[list([1000, 3083, 304]) list([])]
  [list([]) list([])]]]
[4.776e+03 2.000e+00 1.780e+02]
Processing vid 5 : ./tchakamau\Density_matchedethylene\45693_15Vpp_7.avi
T threshold: 60.0
C threshold: 20
[[4. 1.]
 [0. 0.]]
[[[list([4101, 1082, 994, 1331]) list([3167])]
  [list([]) list([])]]

 [[list([3759, 313, 872, 69]) list([2315])]
  [list([]) list([])]]

 [[list([342, 769, 122, 1262]) list([852])]
  [list([]) list([])]]]
[7028.  828.  381.]
Processing vid 6 : ./tchakamau\Density_matchedethylene\45693_15Vpp_8_pushedatstart.avi
T threshold: 60.0
C threshold: 20
[[4. 2.]
 [2. 0.]]
[[[list([1398, 33016, 4288, 889]) list([1731, 188])]
  [list([394, 547]) list([])]]

 [[list([652, 31093, 3572, 323]) list([1624, 74])]
  [list([292, 44]) list([])]]

 [[list([746, 1923, 716, 566]) list([107, 114])]
  [list([102, 503]) list([])]]]
[37984.   420.   381.]
Processing vid 7 : ./tchakamau\Density_matchedethylene\45693_15Vpp_9.avi
T threshold: 60.0
C threshold: 20
[[6. 0.]
 [1. 1.]]
[[[list([1741, 434, 3228, 1617, 3898, 1140]) list([])]
  [list([2085]) list([6224])]]

 [[list([1055, 94, 134, 511, 732, 200]) list([])]
  [list([389]) list([2089])]]

 [[list([686, 340, 3094, 1106, 3166, 940]) list([])]
  [list([1696]) list([4135])]]]
[3307. 2533.  137.]
Processing vid 8 : ./tchakamau\Density_matchedethylene\45696_15Vpp_0.avi
T threshold: 60.0
C threshold: 20
[[0. 1.]
 [1. 0.]]
[[[list([]) list([508])]
  [list([1646]) list([])]]

 [[list([]) list([367])]
  [list([1068]) list([])]]

 [[list([]) list([141])]
  [list([578]) list([])]]]
[1878. 1031.  142.]
Processing vid 9 : ./tchakamau\Density_matchedethylene\45696_15Vpp_1.avi
T threshold: 60.0
C threshold: 20
[[5. 0.]
 [0. 0.]]
[[[list([2083, 1394, 999, 5861, 758]) list([])]
  [list([]) list([])]]

 [[list([1547, 144, 445, 5506, 135]) list([])]
  [list([]) list([])]]

 [[list([536, 1250, 554, 355, 623]) list([])]
  [list([]) list([])]]]
[7.769e+03 1.000e+00 9.640e+02]
Processing vid 10 : ./tchakamau\Density_matchedethylene\45696_15Vpp_2.avi
T threshold: 60.0
C threshold: 20
[[5. 3.]
 [3. 0.]]
[[[list([697, 1019, 615, 646, 1631]) list([1476, 675, 549])]
  [list([501, 624, 2776]) list([])]]

 [[list([149, 295, 97, 221, 641]) list([1365, 150, 0])]
  [list([64, 371, 2390]) list([])]]

 [[list([548, 724, 518, 425, 990]) list([111, 525, 549])]
  [list([437, 253, 386]) list([])]]]
[16959.  2902.  4195.]
Processing vid 11 : ./tchakamau\Density_matchedethylene\45696_15Vpp_3.avi
T threshold: 60.0
C threshold: 20
[[4. 2.]
 [3. 2.]]
[[[list([1660, 484, 490, 550]) list([304, 233])]
  [list([5882, 535, 366]) list([567, 857])]]

 [[list([1306, 79, 108, 162]) list([94, 51])]
  [list([5276, 83, 199]) list([209, 511])]]

 [[list([354, 405, 382, 388]) list([210, 182])]
  [list([606, 452, 167]) list([358, 346])]]]
[1870. 6384.  659.]
Processing vid 12 : ./tchakamau\Density_matchedethylene\45722_15Vpp_4.avi
T threshold: 60.0
C threshold: 20
[[1. 3.]
 [4. 5.]]
[[[list([226]) list([2414, 320, 199])]
  [list([6590, 603, 723, 101]) list([2739, 585, 332, 514, 177])]]

 [[list([46]) list([2223, 229, 26])]
  [list([5474, 5, 259, 59]) list([2403, 483, 8, 87, 11])]]

 [[list([180]) list([191, 91, 173])]
  [list([1116, 598, 464, 42]) list([336, 102, 324, 427, 166])]]]
[2717. 8913.  279.]
Processing vid 0 : ./tchakamau\Density_matchedethylene\45693_15Vpp_10.avi
T threshold: 60.0
C threshold: 30
[[20.  4.]
 [ 4.  3.]]
[[[list([1918, 2030, 1154, 986, 1154, 430, 589, 1075, 280, 1171, 3631, 11046, 1486, 1251, 321, 1081, 1089, 2054, 4707, 245])
   list([1675, 841, 191, 704])]
  [list([909, 112, 298, 3321]) list([1085, 263, 1368])]]

 [[list([1460, 1746, 267, 650, 778, 89, 116, 808, 183, 770, 2284, 10367, 1282, 153, 132, 888, 867, 6, 3943, 18])
   list([676, 504, 58, 41])]
  [list([385, 2, 143, 1531]) list([970, 35, 576])]]

 [[list([458, 284, 887, 336, 376, 341, 473, 267, 97, 401, 1347, 679, 204, 1098, 189, 193, 222, 2048, 764, 227])
   list([999, 337, 133, 663])]
  [list([524, 110, 155, 1790]) list([115, 228, 792])]]]
[27758.  3859.  2383.]
Processing vid 1 : ./tchakamau\Density_matchedethylene\45693_15Vpp_11_pushedatstart.avi
T threshold: 60.0
C threshold: 30
[[15.  6.]
 [ 7.  1.]]
[[[list([2583, 2443, 590, 455, 909, 545, 1457, 6987, 162, 2268, 343, 1161, 692, 145, 4679])
   list([1912, 626, 1604, 185, 752, 419])]
  [list([678, 3449, 683, 2838, 42, 821, 916]) list([1131])]]

 [[list([702, 1851, 188, 233, 520, 300, 1343, 6412, 46, 1791, 81, 807, 310, 2, 3940])
   list([696, 383, 729, 21, 618, 251])]
  [list([120, 2775, 129, 2172, 8, 161, 11]) list([671])]]

 [[list([1881, 592, 402, 222, 389, 245, 114, 575, 116, 477, 262, 354, 382, 143, 739])
   list([1216, 243, 875, 164, 134, 168])]
  [list([558, 674, 554, 666, 34, 660, 905]) list([460])]]]
[25165.  6594.  1807.]
Processing vid 2 : ./tchakamau\Density_matchedethylene\45693_15Vpp_12.avi
T threshold: 60.0
C threshold: 30
[[ 9.  9.]
 [10. 13.]]
[[[list([281, 1864, 1273, 184, 538, 352, 1397, 1132, 3215])
   list([308, 6699, 571, 1206, 1448, 117, 3813, 1463, 1085])]
  [list([1276, 882, 811, 288, 669, 197, 862, 3244, 1019, 2055])
   list([15551, 1413, 421, 514, 1903, 1439, 160, 673, 891, 534, 1130, 1373, 5217])]]

 [[list([81, 73, 765, 68, 94, 119, 691, 868, 2951])
   list([106, 6345, 8, 165, 533, 24, 2909, 55, 84])]
  [list([459, 137, 111, 229, 35, 122, 477, 3028, 297, 560])
   list([15303, 314, 322, 55, 799, 1231, 21, 39, 652, 279, 937, 1033, 5094])]]

 [[list([200, 1791, 508, 116, 444, 233, 706, 264, 264])
   list([202, 354, 563, 1041, 915, 93, 904, 1408, 1001])]
  [list([817, 745, 700, 59, 634, 75, 385, 216, 722, 1495])
   list([248, 1099, 99, 459, 1104, 208, 139, 634, 239, 255, 193, 340, 123])]]]
[17004. 31739.   944.]
Processing vid 3 : ./tchakamau\Density_matchedethylene\45693_15Vpp_5.avi
T threshold: 60.0
C threshold: 30
[[11.  2.]
 [ 2.  7.]]
[[[list([7668, 767, 859, 1247, 275, 1474, 1260, 1081, 565, 169, 1122])
   list([1260, 928])]
  [list([1528, 808]) list([1389, 289, 693, 3241, 655, 238, 512])]]

 [[list([7407, 62, 410, 118, 107, 6, 1044, 34, 400, 0, 10])
   list([2, 50])]
  [list([728, 122]) list([1247, 64, 35, 2673, 535, 36, 3])]]

 [[list([261, 705, 449, 1129, 168, 1468, 216, 1047, 165, 169, 1112])
   list([1258, 878])]
  [list([800, 686]) list([142, 225, 658, 568, 120, 202, 509])]]]
[10833.  5901.   492.]
Processing vid 4 : ./tchakamau\Density_matchedethylene\45693_15Vpp_6.avi
T threshold: 60.0
C threshold: 30
[[2. 0.]
 [0. 0.]]
[[[list([4974, 3504]) list([])]
  [list([]) list([])]]

 [[list([3964, 410]) list([])]
  [list([]) list([])]]

 [[list([1010, 3094]) list([])]
  [list([]) list([])]]]
[4.776e+03 2.000e+00 1.780e+02]
Processing vid 5 : ./tchakamau\Density_matchedethylene\45693_15Vpp_7.avi
T threshold: 60.0
C threshold: 30
[[4. 1.]
 [0. 0.]]
[[[list([4118, 1107, 962, 1331]) list([3167])]
  [list([]) list([])]]

 [[list([3759, 296, 830, 59]) list([2282])]
  [list([]) list([])]]

 [[list([359, 811, 132, 1272]) list([885])]
  [list([]) list([])]]]
[7028.  828.  381.]
Processing vid 6 : ./tchakamau\Density_matchedethylene\45693_15Vpp_8_pushedatstart.avi
T threshold: 60.0
C threshold: 30
[[4. 2.]
 [2. 0.]]
[[[list([1313, 33016, 4288, 889]) list([1741, 188])]
  [list([479, 547]) list([])]]

 [[list([557, 31083, 3562, 313]) list([1624, 64])]
  [list([282, 34]) list([])]]

 [[list([756, 1933, 726, 576]) list([117, 124])]
  [list([197, 513]) list([])]]]
[37984.   420.   381.]
Processing vid 7 : ./tchakamau\Density_matchedethylene\45693_15Vpp_9.avi
T threshold: 60.0
C threshold: 30
[[6. 0.]
 [1. 1.]]
[[[list([1741, 434, 3232, 1613, 3898, 1140]) list([])]
  [list([2058]) list([6261])]]

 [[list([1045, 84, 2, 497, 722, 190]) list([])]
  [list([352]) list([2089])]]

 [[list([696, 350, 3230, 1116, 3176, 950]) list([])]
  [list([1706]) list([4172])]]]
[3307. 2533.  137.]
Processing vid 8 : ./tchakamau\Density_matchedethylene\45696_15Vpp_0.avi
T threshold: 60.0
C threshold: 30
[[0. 1.]
 [1. 0.]]
[[[list([]) list([559])]
  [list([1605]) list([])]]

 [[list([]) list([367])]
  [list([1017]) list([])]]

 [[list([]) list([192])]
  [list([588]) list([])]]]
[1878. 1031.  142.]
Processing vid 9 : ./tchakamau\Density_matchedethylene\45696_15Vpp_1.avi
T threshold: 60.0
C threshold: 30
[[5. 0.]
 [0. 0.]]
[[[list([2093, 1394, 999, 5933, 686]) list([])]
  [list([]) list([])]]

 [[list([1547, 134, 435, 5496, 53]) list([])]
  [list([]) list([])]]

 [[list([546, 1260, 564, 437, 633]) list([])]
  [list([]) list([])]]]
[7.769e+03 1.000e+00 9.640e+02]
Processing vid 10 : ./tchakamau\Density_matchedethylene\45696_15Vpp_2.avi
T threshold: 60.0
C threshold: 30
[[5. 2.]
 [2. 1.]]
[[[list([662, 1019, 615, 646, 1669]) list([1486, 675])]
  [list([536, 2776]) list([1173])]]

 [[list([104, 285, 87, 211, 631]) list([1365, 140])]
  [list([54, 2356]) list([361])]]

 [[list([558, 734, 528, 435, 1038]) list([121, 535])]
  [list([482, 420]) list([812])]]]
[16959.  2902.  4195.]
Processing vid 11 : ./tchakamau\Density_matchedethylene\45696_15Vpp_3.avi
T threshold: 60.0
C threshold: 30
[[5. 2.]
 [3. 2.]]
[[[list([1291, 369, 485, 489, 450]) list([304, 259])]
  [list([5892, 635, 368]) list([567, 857])]]

 [[list([1004, 5, 69, 97, 52]) list([84, 41])]
  [list([5276, 73, 85]) list([199, 501])]]

 [[list([287, 364, 416, 392, 398]) list([220, 218])]
  [list([616, 562, 283]) list([368, 356])]]]
[1870. 6384.  659.]
Processing vid 12 : ./tchakamau\Density_matchedethylene\45722_15Vpp_4.avi
T threshold: 60.0
C threshold: 30
[[1. 2.]
 [3. 4.]]
[[[list([226]) list([2413, 263])]
  [list([6601, 1245, 101]) list([2739, 1279, 489, 177])]]

 [[list([36]) list([2212, 162])]
  [list([5474, 473, 49]) list([2393, 249, 52, 1])]]

 [[list([190]) list([201, 101])]
  [list([1127, 772, 52]) list([346, 1030, 437, 176])]]]
[2717. 8913.  279.]